Channel p_spike_p_spike_p_poly_1p_poly_1p_sw_1.0p_sw_1.0_times
RA1-RA2      295[219.16,      79[115.32,     430[64.03, 72.465, 100.86, 185.935, 193.1, 221.185, 237.73, 309.53, 327.545, 344.925, 366.365, 404.77, 410.825, 438.37, 439.575, 443.855, 525.23, 527.215, 531.725, 534.205, 744.315, 765.930000000
RA10-RA1      44[118.845       6[6935.72      30[108.12, 115.825, 306.43, 432.345, 1605.145, 2786.875, 3288.255, 3781.08, 3791.85, 3873.245, 4411.74, 5528.695, 5684.205, 5728.33, 6007.945, 6112.66, 6318.29, 6343.025, 6731.905, 7207.245, 765
RA11-RA1      84[6.195,       14[9145.58      90[31.655, 541.275, 876.19, 1261.07, 1351.835, 1687.575, 1786.885, 1845.595, 2022.205, 2442.895, 2979.075, 3457.99, 3497.37, 4532.965, 4534.655, 4658.45, 4719.175, 4731.73, 4871.11, 4929.4, 5088
RA2-RA3      305[944.56,      91[1134.77     576[64.03, 100.87, 261.34, 309.54, 495.22, 556.425, 671.635, 683.645, 703.135, 769.34, 841.88, 921.295, 986.825, 1145.775, 1184.38, 1187.185, 1338.915, 1363.885, 1375.215, 1414.01, 1505.94, 1528.
RA3-RA4      281[228.315      69[803.65,     287[545.605, 556.44, 703.155, 738.295, 1111.58, 1130.95, 1170.39, 1221.245, 1386.145, 1401.17, 1413.99, 1443.8, 1455.765, 1461.005, 1505.965, 1547.175, 1549.015, 1563.715, 1622.245, 1626.72, 1663
RA4-RA5      135[1031.11      14[1436.61     257[556.4649999999999, 803.665, 993.415, 1103.825, 1209.11, 1221.26, 1223.88, 1363.92, 1414.0, 1455.69, 1505.98, 1543.205, 1555.31553125, 1609.305, 1622.26, 1633.88, 1702.85, 1826.845, 1887.825,
RA5-RA6      226[208.98,      16[1442.01     324[138.225, 495.32, 525.285, 632.82, 738.315, 769.375, 1111.08, 1251.955, 1260.99, 1333.715, 1335.95, 1409.765, 1418.175, 1443.825, 1522.595, 1528.5, 1545.205, 1565.41, 1570.61, 1633.885, 1716.3
RA6-RA7      175[556.62,      18[2094.23     247[1007.91, 1454.85, 1501.445, 1537.715, 1560.06, 1659.555, 1698.875, 1702.63, 1749.605, 1763.35, 1784.01, 1886.82, 1997.05, 2031.29, 2208.77, 2211.585, 2223.55, 2385.175, 2507.735, 2851.96, 286
RA7-RA8       54[1429.96      13[1760.38      47[760.385, 1049.13, 1106.495, 1522.63, 1612.49, 1743.545, 1964.535, 2340.675, 4272.72, 4445.13, 5517.05, 5563.75, 5574.705, 5583.475, 5690.74, 5900.87, 5960.79, 6021.46, 6025.005, 6138.245, 615
RA8-RA9       55[38.005,       7[2008.25      42[763.575, 2270.855, 2564.87, 2567.95, 2740.72959375, 2787.135, 2818.655, 3194.59, 3258.08, 3330.845, 3350.61, 3391.2, 3547.37, 5312.66, 5526.905, 5573.155, 5699.595, 5994.0, 6461.12, 6569.05,
RA9-RA10      40[31.63,        2[3601.3,      25[1379.705, 2426.165, 2561.81, 3178.415, 3516.15, 3781.06, 4341.075, 4556.435, 4560.005, 4577.565, 4731.545, 5276.275, 5651.51, 5789.82, 5955.29, 6562.14, 6789.065, 6838.335, 6955.48, 7046.38,
RH1-RH2      231[632.895      26[2463.51     474[495.33, 587.19, 914.27, 993.475, 1131.06, 1173.495, 1237.565, 1246.25, 1261.06, 1281.095, 1318.475, 1333.785, 1436.67, 1449.63, 1458.155, 1501.415, 1522.67, 1528.865, 1543.88, 1561.29, 1568.8
RH10-RH1      34[64.185,       4[7695.29      83[25.385, 2864.765, 3463.83, 5854.635, 6189.535, 6911.57, 7056.62, 7064.09, 7229.735, 7570.785, 7758.98, 7797.18, 7800.415, 7840.82, 7876.04, 7912.075, 8023.965, 8123.625, 8140.705, 8218.615, 8
RH11-RH1      85[640.85,       6[3171.05     110[25.165, 268.28, 1021.185, 1387.355, 1541.845, 1691.695, 2182.01, 2212.885, 2215.61, 2527.09, 2770.83, 3250.105, 3433.975, 3560.9, 3585.86, 3740.56, 4114.35, 4208.505, 4997.765, 5045.735, 5051
RH2-RH3      162[932.51,      56[12.805,     804[10.715, 32.795, 39.36, 45.495, 60.86, 83.45, 125.745, 209.01, 253.59, 418.155, 556.525, 632.875, 738.38, 762.335, 766.4449999999999, 780.855, 803.725, 829.7, 835.515, 851.9449999999999, 863.4
RH3-RH4      175[525.3,      119[12.845,     562[3.21, 39.36, 53.12, 60.86, 68.285, 72.295, 83.45, 113.93, 125.815, 142.435, 172.42, 179.96, 189.795, 197.29, 214.32, 220.635, 225.72, 231.45, 246.43, 289.815, 330.87, 345.485, 384.82, 397.165
RH4-RH5      108[120.885      29[906.385     372[64.07, 261.41, 495.285, 632.85, 744.39, 769.41, 993.445, 1046.47, 1112.24, 1131.01, 1165.915, 1184.44, 1209.1319375, 1221.275, 1223.91, 1254.77, 1261.3, 1273.245, 1323.93, 1333.785, 1335.995,
RH5-RH6       86[613.095      31[214.235     317[45.48, 179.96, 415.3, 495.24, 556.4649999999999, 587.565, 922.37, 993.425, 1007.925, 1185.285, 1242.415, 1261.295, 1286.52, 1369.71, 1382.075, 1409.775, 1436.61, 1501.455, 1537.945, 1543.625,
RH6-RH7        6[25.17,        0[]             2[16177.58, 16181.26]
RH7-RH8        0[]             0[]             2[15261.085, 16174.63]
RH8-RH9       25[2132.54       3[10557.7      48[9.44, 5603.9, 5812.76, 6229.97, 6266.645, 6656.295, 7649.82, 7791.625, 7842.29, 8145.505, 8673.585, 8802.335, 8818.65, 8828.145, 9606.455, 10755.59, 11031.61, 11089.255, 11189.095, 11428.87,
RH9-RH10      34[64.48,        3[4962.82      36[4206.135, 5119.405, 5150.64, 5427.89, 5483.03, 5764.215, 6197.08, 6223.345, 6532.12, 6548.45, 6644.91, 6671.87, 6944.34, 7142.025, 7200.805, 8265.955, 10793.035, 10815.38, 10893.19, 11170.93,
RM1-RM2       39[2031.24       0[]            19[1723.31, 2481.105, 2761.33, 2787.245, 3379.425, 3427.82, 3845.475, 3850.285, 3909.505, 3971.425, 4053.655, 4279.53, 4353.3, 5831.365, 5981.07, 6215.805, 6622.735, 6753.185, 7050.125]
RM10-RM1      14[2267.47       5[2723.87      61[1180.545, 1368.825, 1568.14, 1599.43, 1691.21, 1709.685, 1721.48, 1953.655, 2129.71, 2235.99, 2682.475, 3047.39, 3050.66, 3392.88, 3509.54, 3643.59, 3907.44, 4151.215, 4271.375, 4336.275, 452
RM11-RM1      84[1344.75      16[739.41,     278[31.24, 64.105, 793.135, 1047.77, 1121.04, 1178.44, 1239.39, 1262.715, 1286.535, 1311.22, 1328.83, 1342.75, 1369.305, 1379.28, 1382.85, 1416.805, 1450.45, 1459.095, 1466.94, 1599.315, 1608.36,
RM12-RM1      23[1490.30      12[1508.70      74[1064.555, 1342.755, 1360.245, 1617.43, 1656.955, 1710.405, 1747.035, 1847.705, 1891.3, 1953.685, 2092.59, 2240.925, 2267.475, 2319.79, 2328.43, 2392.27, 2463.68, 2635.275, 2837.89, 2934.97, 3
RM13-RM1       1[3284.86       1[3442.66       2[2319.91, 2519.08]
RM14-RM1       3[6584.54       2[4602.84       5[1807.921, 1932.705, 4022.67, 6244.3, 8022.035]
RM15-RM1      22[1342.75       3[2283.93     154[660.73, 740.98, 895.7049999999999, 1011.91, 1100.53, 1135.65, 1145.555, 1154.35, 1184.425, 1200.135, 1467.28, 1549.01, 1579.22, 1587.655, 1617.405, 1656.985, 1818.465, 2199.19, 2556.195, 2838
RM16-RM1      32[1653.00      15[1336.99      81[1242.085, 1430.035, 1462.815, 1579.07, 1646.07, 1657.11, 1689.45, 1710.93, 1818.415, 1847.205, 1859.015, 1862.49, 1953.7, 2124.165, 2454.615, 2463.52, 2556.32, 3047.47, 3091.33, 3101.075, 316
RM2-RM3      123[23.705,      17[1412.82     276[738.99, 906.265, 922.355, 1010.205, 1181.68, 1190.695, 1245.535, 1275.335, 1334.135, 1408.165, 1446.495, 1455.775, 1462.82, 1532.445, 1602.645, 1626.865, 1629.42, 1682.64, 1702.99, 1724.675,
RM3-RM4      125[26.27,        2[5616.29     149[94.36, 1462.82, 1467.49, 1549.105, 1707.9, 1804.015, 2044.775, 2107.53, 2130.805, 2191.885, 2199.845, 2205.835, 2340.37, 2388.615, 2481.12, 2549.77, 2583.49, 2666.62, 2729.705, 2783.025, 2897
RM4-RM5        6[3291.99       2[3780.84      14[2201.285, 2457.175, 3164.63, 3558.64, 4077.99, 4222.56, 4949.485, 5405.91, 6125.31, 6686.035, 6814.995, 7046.295, 7923.11, 19836.395]
RM5-RM6       32[2276.72       4[1975.72      19[1935.58, 2296.63, 2808.295, 2904.115, 3282.52, 3307.495, 3673.53, 3996.57, 4077.83, 4439.34, 6337.925, 6490.63, 6630.185, 6780.865, 6836.33, 17821.045, 19245.465, 19835.725, 20141.715]
RM6-RM7       61[1722.09       2[2626.35      73[1286.52, 1617.865, 1666.77, 1780.565, 1804.25, 1842.8, 2002.695, 2108.535, 2148.16, 2158.41, 2238.71, 2313.47, 2438.485, 2463.445, 2553.235, 2680.17, 2699.9, 2770.55, 2838.145, 3066.045, 3089
RM7-RM8       28[1847.89       4[2489.55     100[1047.715, 1454.755, 1462.94, 1549.185, 1690.88, 1709.69, 1721.49, 1999.655, 2384.93, 2463.68, 2468.125, 2575.815, 2660.475, 2699.9, 2790.375, 2897.015, 3034.835, 3050.48, 3200.34, 3204.175, 3
RM8-RM9       10[2205.24       1[7612.32      12[1690.845, 1721.86, 1847.85, 1891.04, 2267.09, 2296.745, 2806.05, 2897.135, 2960.46, 3050.465, 3488.865, 4431.33]
RM9-RM10      14[1688.32       6[2479.47      45[1413.06, 1576.12, 1617.41, 1656.98, 2312.345, 2641.9, 2726.08, 2857.405, 3276.185, 3556.105, 3636.035, 4151.22, 4179.36, 4806.89, 4985.285, 5066.435, 5204.375, 5401.56, 5617.01, 5756.58, 6376
RO1-RO2       99[1437.02      18[35.825,     253[1490.065, 1549.14, 1581.25, 1604.945, 1670.38, 1716.015, 1763.31, 1769.285, 1829.58, 1880.395, 1891.755, 1930.715, 1968.43, 1980.685, 1984.605, 1990.55, 2003.8, 2029.32, 2031.425, 2080.045, 2
RO2-RO3      245[160.735      42[1684.41     397[27.495, 651.335, 664.885, 777.58, 906.285, 1185.02, 1244.125, 1261.065, 1279.155, 1329.995, 1367.855, 1382.995, 1423.855, 1447.505, 1459.13, 1471.76, 1565.48740625, 1604.945, 1608.355, 1609.8
RO3-RO4       57[83.22,        2[4134.70      30[1071.485, 1455.54, 1955.91, 2192.085, 2200.22, 2580.73, 2761.2, 3005.98, 3091.3, 3164.715, 3239.48, 3274.91, 3295.095, 3300.565, 3331.14, 3356.18271875, 3489.765, 3508.225, 3859.77, 4102.03,
RO4-RO5        8[1578.84       0[]             8[1956.005, 2340.515, 2583.455, 3379.41, 4290.45, 5866.725, 6830.435, 7028.02]
RO5-RO6       27[1953.40       1[4072.73      21[1407.31, 2158.555, 2235.7, 2531.83, 2533.885, 3176.62, 3193.535, 3282.455, 3786.58, 3971.485, 5157.545, 5513.92, 5810.14, 5885.665, 6338.705, 6410.55, 6689.45, 6753.395, 6781.34, 6910.225, 15
RO6-RO7      128[1406.64      11[1549.19     134[1630.445, 1688.115, 1886.52, 1928.72, 1975.64, 1979.74, 2061.305, 2143.95, 2180.44, 2182.03, 2204.175, 2413.64, 2540.285, 2551.17, 2567.07, 2600.755, 2619.09, 2734.505, 2738.94, 2748.085, 285
RO7-RO8      127[1455.53      19[1345.86     180[23.51, 1491.175, 1656.57, 1742.76, 1763.99, 1770.88, 1873.295, 1877.82, 1923.005, 1928.715, 2025.215, 2040.68, 2163.175, 2212.1, 2295.525, 2299.54, 2348.95, 2404.935, 2494.455, 2566.495, 2604
RO8-RO9       59[217.345       3[4022.95      70[871.565, 1984.875, 2197.375, 2470.75, 2527.86, 2543.49, 2577.86, 3035.035, 3067.785, 3164.71, 3200.23, 3360.66, 3425.35, 3522.855, 3645.71, 3704.67, 3820.41, 3850.475, 3859.65, 3863.97, 3884.
RO9-RO10      20[2155.46       1[5157.75      38[1656.55, 1928.725, 2362.015, 2457.15, 2592.495, 2665.38, 2787.22, 2819.185, 3249.3, 3343.595, 3540.57, 3644.135, 3786.63, 3971.475, 4377.375, 4396.615, 4748.16, 5005.5069375, 5095.615, 5839.9
RX1-RX2      154[993.49,      15[2387.55     144[1609.995, 1638.345, 1684.34, 1698.795, 1786.86, 2031.31, 2128.155, 2165.145, 2201.5, 2266.85, 2340.425, 2457.125, 2463.47, 2475.14, 2481.04, 2493.855, 2625.205, 2662.075, 2669.435, 2797.94, 2
RX10-RX1      15[2625.08       5[1587.57      50[217.125, 1423.455, 1825.815, 2339.39, 2361.125, 2518.865, 2600.725, 3362.19, 3442.655, 3846.365, 3869.205, 3945.515, 4473.895, 4806.98, 5095.635, 5113.08, 5208.21, 5239.68, 5600.25, 6897.595,
RX11-RX1      77[268.76,      10[2265.86     204[217.265, 1287.05, 1344.85, 1369.255, 1379.235, 1394.015, 1549.01, 1587.565, 1617.295, 1794.04, 1858.785, 1861.995, 1959.485, 2036.255, 2047.595, 2333.48, 2518.865, 2584.26, 2632.86, 2679.32,
RX12-RX1     105[1328.92      12[113.82,     142[360.805, 1423.44, 1451.4, 1484.64, 1579.815, 1652.71, 1688.3, 1764.235, 1806.09, 1858.87, 1891.04, 1980.195, 2155.4, 2293.14, 2333.04, 2384.33, 2433.185, 2533.42, 2617.67, 2664.06, 2701.655,
RX13-RX1      53[1723.46       3[1747.21      63[1955.725, 2158.715, 2238.295, 2451.645, 2455.76865625, 2514.735, 2519.38, 2592.075, 2934.795, 2938.97, 3077.445, 3087.03, 3185.735, 3489.585, 3503.825, 3656.02, 3659.785, 3671.435, 3926.135,
RX14-RX1      14[1568.13       9[268.825      27[1859.365, 2158.55, 2295.77, 2518.905, 2580.775, 2821.435, 3047.605, 3072.585, 3226.605, 3442.66, 3447.415, 3515.88, 3521.21, 3584.41, 3676.15, 3779.27, 4002.685, 4061.68, 4297.435, 4431.54, 5
RX2-RX3       82[1559.85       7[3426.28      50[1490.05, 2211.47, 2568.97, 2669.45, 2761.17, 2813.695, 2843.33, 2860.94, 2990.985, 2994.09, 3006.015, 3064.17, 3363.56, 3379.765, 3582.635, 3702.205, 3707.59, 3730.6, 3732.47, 3893.01, 3945.1
RX3-RX4       74[1684.41       2[4077.97      35[1342.835, 1459.1, 1645.835, 1685.79, 1806.805, 1995.5, 1998.98, 3009.175, 3172.395, 3194.385, 3423.795, 3502.525, 3549.225, 3558.78, 3618.465, 3752.495, 4050.64, 4191.525, 4282.89, 4409.28, 4
RX4-RX5       37[1846.87       0[]            11[2201.27, 2267.13, 2959.765, 4077.935, 4133.78, 4353.3, 4459.315, 5651.54, 6581.465, 6673.93, 6955.78]
RX5-RX6       51[1578.82       8[1604.95      92[1447.9, 1455.545, 1459.275, 1462.79, 1506.645, 1789.95, 1928.6, 1945.23, 2002.54, 2037.975, 2081.795, 2152.595, 2296.27, 2473.375, 2604.8, 2611.48, 2654.435, 2663.9, 2695.855, 2798.615, 2857.
RX6-RX7        6[1953.43       2[5314.74      26[1587.57, 1825.74, 1829.655, 2821.42, 2960.015, 3176.605, 3425.38, 3781.005, 3945.055, 3948.375, 3971.43, 4270.69, 4353.35, 5022.115, 5398.13, 5461.215, 5855.295, 6459.23, 6625.385, 6749.835,
RX7-RX8        5[1953.42       0[]             8[3249.42, 4477.15, 6174.705, 7707.185, 15429.595, 16737.21, 17194.305, 18325.135]
RX8-RX9       26[1732.53       3[5112.96      41[1459.1, 1633.3, 1858.84, 2493.49, 2518.735, 2608.035, 2669.535, 2821.905, 3431.62, 3865.955, 4353.405, 4616.92, 4655.095, 4686.455, 4962.175, 6062.275, 6189.365, 9240.46, 11798.27, 12306.255,
RX9-RX10      20[2522.6,       5[3971.64      25[2002.715, 2339.755, 4520.645, 4701.095, 4933.77, 5999.05, 6209.165, 6805.19, 6964.15, 7221.565, 10805.27, 12337.965, 12473.245, 12635.435, 13117.91, 15006.775, 15040.66, 15482.875, 15514.545,

0001, 777.165, 788.88, 803.63, 847.975, 850.71, 853.374125, 884.165, 896.69, 922.825, 936.295, 944.57, 993.43, 1046.405, 1050.29, 1088.65, 1141.755, 1187.185, 1192.9, 1221.275, 1223.74, 1273.125, 1283.79, 1317.2, 1329.785, 1337.025, 1358.75
1.09, 7785.675, 12543.12, 12577.74, 12590.3038125, 14309.405, 15415.18, 16012.385, 16178.065, 19858.58]
.64, 5138.025, 5207.43, 5266.16, 5576.465, 5666.325, 5885.025, 5969.82334375, 6065.93, 6122.24, 6201.18, 6218.775, 6231.35, 6256.215, 6442.89, 6483.53, 6558.19, 6571.81, 6689.445, 6761.26, 6966.3, 6982.83, 7013.625, 7054.365, 7141.115, 7459
22, 1547.135, 1550.43, 1555.51, 1568.6, 1596.115, 1629.805, 1702.985, 1705.25, 1745.525, 1760.695, 1812.63, 1847.925, 1856.495, 1873.945, 1930.895, 1952.41, 1969.005, 1980.97, 1995.31, 2024.855, 2042.475, 2069.435, 2090.63, 2145.374125, 215
.43, 1683.255, 1702.435, 1745.51, 1758.555, 1832.995, 1968.235, 1984.89, 2024.305, 2031.28, 2102.65, 2227.99, 2243.915, 2266.135, 2299.42490625, 2308.72, 2349.04, 2350.81553125, 2404.905, 2412.365, 2451.63, 2454.61, 2478.94, 2480.63, 2526.1
1891.23740625, 1968.41, 1980.995, 2020.365, 2042.39, 2097.305, 2142.17, 2243.915, 2283.925, 2405.055, 2451.6006875, 2457.075, 2526.155, 2533.98, 2600.69, 2611.235, 2689.64, 2787.115, 2800.64, 2821.815, 2829.615, 2832.725, 2837.325, 2840.48,
3, 1760.45, 1797.83, 1852.46, 1853.875, 1859.93, 1865.53, 1872.74, 1895.885, 1911.035, 1981.215, 1990.805, 1995.59, 2052.29, 2055.695, 2094.225, 2097.315, 2168.5, 2188.085, 2197.89, 2267.365, 2296.53, 2313.545, 2326.905375, 2340.335, 2352.8
4.555, 2897.305, 2915.775, 3032.235, 3127.69, 3269.08, 3307.49, 3545.545, 3549.205, 3679.82, 3712.285, 3719.96, 3744.395, 3752.23, 3824.51, 3884.36, 3921.055, 3957.64, 3964.86, 4245.67, 4261.16, 4299.81, 4340.855, 4575.3, 4605.72, 4635.025,
8.0, 6218.785, 6241.6, 6256.145, 6367.095, 6412.395, 6461.15, 6483.525, 7097.755, 7528.47, 7700.89, 7784.265, 7788.545, 8144.455, 9722.415, 10957.915, 11761.955, 13844.41, 14647.8, 17664.57, 17938.59, 18244.9, 18395.52, 18490.015, 18962.6,
6791.335, 6915.32, 7034.185, 7272.475, 7373.245, 12590.62, 13191.225, 13343.55, 13674.315, 13757.435, 13906.76, 13960.185, 14195.93, 14197.985, 14200.9, 14364.265, 14558.615, 15164.855, 15334.175, 15353.035, 19668.12, 19831.4]
7184.24, 7785.67, 8136.28, 13776.045, 15344.255]
55, 1603.335, 1605.19, 1638.325, 1659.46, 1714.29, 1742.66, 1749.46, 1780.94, 1797.915, 1801.775, 1848.145, 1859.72, 1880.315, 1882.765, 1894.405, 1996.975, 2024.51, 2080.25, 2089.95, 2145.23, 2148.21, 2238.335, 2245.855, 2275.89, 2282.17,
229.865, 8239.435, 8358.875, 8374.22, 8391.645, 8394.715, 8575.595, 8617.735, 8622.25, 8635.45, 8646.02, 8665.51, 8689.17, 8696.52, 8706.285, 8717.18, 8736.045, 8748.02, 8760.365, 8825.05, 8839.65, 8893.235, 8904.85, 8922.88, 8948.405, 8955
.3, 5055.025, 5060.315, 5072.04, 5079.455, 5131.535, 5377.43, 5386.52, 5419.185, 5427.89, 5453.385, 5475.375, 5482.52, 5516.215, 5765.785, 6312.8, 6359.715, 6447.52, 6713.66, 6765.785, 6948.78, 7143.99, 8293.185, 8313.03, 8381.94, 8841.9, 1
25, 936.48, 1001.43, 1010.505, 1046.48, 1049.775, 1094.6085, 1117.165, 1131.325, 1144.08, 1151.8, 1165.95, 1187.065, 1201.04, 1217.91, 1240.985, 1246.19, 1264.255, 1269.055, 1281.095, 1302.71, 1324.0, 1381.955, 1401.205, 1407.415, 1414.08,
, 403.485, 415.375, 418.155, 455.73, 466.68, 486.11, 495.55, 558.8399999999999, 637.035, 650.61, 683.985, 744.395, 766.505, 835.595, 841.475, 852.025, 857.48, 896.495, 922.37, 999.085, 1018.14365625, 1028.195, 1036.49, 1042.87, 1059.785, 10
 1369.72, 1414.015, 1436.615, 1455.71, 1501.415, 1506.0, 1543.84, 1563.765, 1580.155, 1609.33, 1622.28, 1638.135, 1647.905, 1661.665, 1699.02, 1702.92, 1716.36, 1761.42, 1826.86, 1897.34, 1914.03, 1956.185, 1981.01, 2031.705, 2042.41, 2086.
 1602.755, 1605.15, 1626.92, 1638.17, 1684.405, 1686.03, 1702.915, 1722.15, 1758.135, 1806.825, 1821.445, 1829.87, 1861.88, 1880.365, 1896.025, 1956.22, 2014.8, 2020.39, 2070.16, 2094.145, 2109.445, 2111.215, 2115.34, 2141.715, 2145.39, 215


11465.675, 11544.39, 12132.62, 12154.035, 12168.035, 12264.68, 12811.34, 12930.295, 13172.485, 13343.45, 13557.69, 13584.215, 13820.795, 13844.445, 13923.785, 14050.12, 14208.37, 14296.7, 14413.735, 15122.815, 15429.705, 15524.75, 15791.995
 12154.045, 12275.18, 13844.45, 14413.4, 14960.36, 15035.46, 15451.435, 15508.255, 15838.275, 15927.32, 15966.96, 16023.35, 16177.975, 16240.59, 16342.945, 17573.94]

7.105, 4566.725, 4806.92, 4931.84, 4941.92, 5005.395, 5150.515, 5617.0, 6153.705, 6188.655, 6308.895, 6427.535, 6571.205, 6586.905, 6636.05, 6686.095, 6748.48, 6774.83, 6780.695, 6782.405, 6875.15, 6912.345, 6956.2, 7022.3, 7052.98, 7184.69
 1638.05, 1639.185, 1653.09, 1678.14, 1700.36, 1807.815, 1888.695, 1893.365, 1902.335, 1921.3, 1935.355, 1953.785, 1980.815, 2002.59, 2017.865, 2044.18, 2058.545, 2060.265, 2106.78, 2129.21, 2148.115, 2150.305, 2197.795, 2204.02, 2211.235,
063.32, 3222.225, 3494.165, 3507.54, 3529.18, 3560.15, 3709.56, 3723.635, 3778.805, 3781.435, 3836.205, 4417.255, 4519.25, 4532.165, 4736.08, 4748.245, 4949.45, 4972.725, 5015.76, 5083.455, 5095.765, 5143.475, 5215.375, 5312.695, 5693.615,


.55, 2978.835, 3362.41, 3542.84, 3556.115, 3916.58, 3937.06, 4100.565, 4137.17, 4353.29, 4471.675, 4485.305, 4714.14, 4736.61, 4972.725, 5006.36, 5114.725, 5125.225, 5215.375, 5276.38, 5540.395, 5624.0, 5655.42, 6122.605, 6329.47, 6372.52,
3.64, 3194.595, 3463.175, 3471.34, 3530.65, 3560.16, 3655.305, 3659.705, 3696.105, 3697.34, 3766.445, 3847.89, 3948.61, 3954.865, 3971.46, 4152.235, 4290.89, 4318.755, 4359.53, 4367.315, 4460.98, 4527.41, 4681.275, 4767.3585, 5058.455, 5128
1812.745, 1818.105, 1821.435, 1856.555, 1871.69, 1873.91, 1877.13, 1889.22, 2036.105, 2097.31, 2098.315, 2122.88, 2137.415, 2191.9, 2219.635, 2226.385, 2291.135, 2373.025, 2441.345, 2508.17, 2527.37, 2608.875, 2613.635, 2619.065, 2682.14, 2
.08, 2984.92, 3178.125, 3374.805, 3481.49, 3540.015, 3584.865, 3591.825, 3727.17, 3730.54, 3804.895, 3812.675, 3926.115, 3948.095, 3955.815, 4035.21, 4076.52, 4122.105, 4311.92, 4319.975, 4364.74, 4366.995, 4518.91, 4592.605, 4622.405, 4751


.355, 3135.1, 3193.455, 3232.18, 3244.61, 3268.195, 3341.06, 3362.32, 3379.26, 3595.49, 3655.975, 3700.75, 3708.955, 3847.365, 3893.25, 3945.095, 3971.675, 4347.53, 4367.095, 4379.885, 4463.085, 4527.075, 4949.395, 5005.4, 5182.54, 5256.02,
220.7, 3300.595, 3308.415, 3338.83, 3443.145, 3556.105, 3582.875, 3781.665, 3802.76, 3846.365, 3892.04, 3931.38, 3971.87, 4020.465, 4087.85, 4245.74, 4273.115, 4354.05, 4518.32, 4535.92, 4580.165, 4712.36, 4736.385, 4806.9, 4985.095, 5049.7

.485, 6391.84, 6748.48, 6912.35, 6940.305, 7052.945, 7619.93, 8336.27, 10450.91, 12159.785, 13052.1, 13236.785, 14012.885, 14750.27, 16265.84, 16426.17, 16607.42, 16759.035, 17029.355, 17347.16, 17927.895, 18248.67, 18903.725, 20081.9, 2009
093.875, 2097.355, 2110.83, 2114.795, 2128.235, 2145.415, 2191.875, 2193.415, 2199.96, 2263.83, 2266.835, 2291.775, 2299.275, 2304.32334375, 2318.14, 2327.285, 2340.42, 2365.845, 2429.58, 2453.72, 2493.86, 2536.955, 2543.525, 2551.75, 2569.
95, 1615.79, 1619.995, 1641.67, 1661.655, 1688.67, 1804.82, 1810.935, 1829.69, 1838.135, 1848.245, 1851.66709375, 1862.31, 1882.37, 1952.49, 2020.305, 2022.54, 2024.98, 2087.92, 2178.58, 2199.95, 2300.525, 2313.255, 2315.685, 2373.045, 2405
4180.745, 4295.92, 4428.17, 6125.01, 6189.49, 6392.355, 6870.98, 6935.185, 7028.1, 7046.525]

457.805]
0.195, 2863.115, 2869.105, 2891.785, 2967.865, 3025.525, 3093.315, 3127.475, 3154.13, 3200.28, 3211.82, 3221.385, 3276.24, 3358.02, 3419.39, 3427.795, 3556.415, 3589.98, 3621.365, 3679.96, 3700.755, 3704.48, 3769.585, 3820.425, 3857.185, 38
.655, 2607.91, 2730.215, 2759.39, 2866.815, 2937.2, 2943.51, 3006.91, 3029.63, 3047.155, 3100.32, 3107.2, 3258.08, 3398.225, 3411.07, 3416.165, 3423.975, 3477.72, 3481.55, 3535.61, 3661.05, 3723.725, 3741.29, 3744.41, 3777.595, 3806.005, 38
275, 3934.135, 4040.165, 4072.74, 4141.575, 4261.91, 4347.355, 4351.94, 4435.44, 4459.405, 4478.475, 4482.62, 5157.76, 5208.21, 5222.665, 5361.485, 5509.125, 5513.845, 5547.645, 5599.225, 5611.2, 5808.8, 5916.835, 6019.195, 6107.03, 6112.79
8, 8000.94, 9240.585, 10805.6, 12179.39, 13118.09, 14827.225, 14913.005, 15254.595, 15581.105, 15660.72, 15701.3, 15913.785, 16078.05, 17341.885, 17427.36, 17593.965, 19024.455, 19245.375]
829.685, 2837.965, 2893.875, 2897.645, 2932.98, 2943.225, 2949.54, 2957.68, 3006.005, 3010.78, 3062.415, 3064.12, 3089.535, 3118.68, 3239.23, 3249.375, 3257.055, 3269.135, 3282.205, 3288.04, 3300.515, 3370.065, 3375.28, 3379.435, 3426.22, 3
 8846.555, 10180.675, 10800.905, 12154.155, 12337.66, 12638.44, 13897.565, 14242.65, 14601.11, 14892.41, 14903.17, 14955.495, 15077.07, 15119.94, 15436.055, 15653.48, 15980.5, 16078.505, 16105.98, 16422.305, 16627.85, 16745.895, 17707.845,
2838.355, 2877.195, 2897.585, 2910.025, 2979.95, 3025.495, 3029.94, 3033.595, 3132.535, 3140.485, 3154.83, 3193.6, 3202.125, 3203.9, 3224.22, 3267.75, 3444.125, 3448.09, 3465.75, 3621.385, 3644.43, 3750.385, 3835.05, 3857.635, 3903.915, 406
2938.545, 2980.51, 3321.775, 3447.19, 3676.98, 3818.365, 3981.97, 4332.645, 4336.68, 4367.5, 4417.565, 4431.92, 4435.435, 4472.14, 4736.735, 4764.715, 4810.01, 4874.195, 4933.805, 5018.095, 5058.475, 5063.275, 5065.27, 5244.855, 5257.32, 52
4025.43, 4047.79, 4152.43, 4192.685, 4210.905, 4223.285, 4346.655, 4472.115, 4685.945, 4688.530375, 4961.45, 5449.63, 5587.375, 5956.615, 6125.025, 6209.465, 6506.155, 6569.39, 6623.54, 6819.305, 6898.305, 6907.055, 6912.195, 7110.61, 7572.
832.28, 5839.585, 5921.905, 5947.605, 6674.745, 7146.24, 15451.365]
, 4035.185, 4040.685, 4109.695, 4257.296, 4261.505, 4305.275, 4345.275, 4355.015, 4378.84, 4480.245, 4518.305, 4535.925, 5178.36, 5776.565, 5849.86, 6084.41, 6263.39, 6294.97, 6322.89, 6329.535, 6448.02, 6469.065, 6622.495, 6630.22, 6848.5,
435.655, 4464.1, 4499.005, 5277.175, 5485.095, 5599.3, 5759.555, 6294.96, 6542.715, 6630.205, 6744.97, 6804.95, 6819.49, 6911.555, 7210.88]

985, 2978.92, 3030.0, 3070.03, 3083.435, 3105.53, 3140.55, 3158.365, 3222.435, 3231.99, 3233.285, 3284.145, 3301.26, 3308.07, 3379.8, 3382.06, 3395.93, 3398.555, 3554.16, 3585.355, 3593.13, 3671.41, 3700.36, 3729.685, 3857.395, 4070.45, 407
6769.395, 6815.35, 7286.51, 17161.435, 17194.31, 17303.88]

 13648.745, 13973.62, 14932.96, 15151.845, 15415.51, 15473.255, 15606.265, 15680.095, 15701.76, 15729.57, 15927.235, 15945.145, 15959.31, 15992.355, 16078.5, 16426.13, 16627.565, 17414.945, 18433.91, 19244.915, 19452.345]
 15652.665, 15727.8, 16141.655, 16779.665, 18192.905, 19552.44]

5, 1361.8, 1375.345, 1414.02, 1418.19, 1434.615, 1443.85, 1445.87, 1458.085, 1504.235, 1522.035, 1543.63, 1545.195, 1556.005, 1565.36, 1574.295, 1616.095, 1622.225, 1636.155, 1638.155, 1659.29, 1683.205, 1695.205, 1709.78, 1732.535, 1742.49

.295, 7918.075, 8652.295, 8753.325, 9063.99, 9350.865, 9370.595, 9608.795, 9936.695, 10000.45, 10062.19, 10436.61, 10504.59, 10505.785, 11251.565, 11299.405, 11960.075, 12375.63, 12711.89, 12912.285, 12931.64, 13503.21, 13523.405, 13844.405
4.99, 2165.205, 2168.48, 2188.29, 2191.91, 2238.24, 2267.24, 2279.3, 2281.995, 2283.935, 2285.095, 2308.715, 2316.55, 2318.52, 2340.105, 2345.945, 2352.885, 2389.97, 2420.38, 2459.545, 2478.94, 2480.64, 2484.755, 2516.305, 2525.27, 2556.12,
4, 2533.995, 2569.19, 2608.035, 2669.5, 2671.06, 2674.82, 2689.66, 2740.8038125, 2749.2, 2786.54, 2819.635, 2832.545, 2846.63, 2866.155, 2880.525, 2913.02, 2915.46396875, 2935.34, 3237.98, 3239.305, 3287.975, 3367.255, 3368.325, 3370.055, 3
 2846.665, 2978.125, 3013.415, 3035.015, 3051.74, 3068.775, 3163.795, 3172.365, 3249.385, 3340.485, 3383.77, 3443.185, 3468.725, 3540.11, 3560.3, 3605.17, 3780.84, 3810.055, 3840.395, 3859.63, 3880.08, 3929.68, 4003.28, 4017.265, 4070.915,
95, 2598.87, 2600.93, 2611.305, 2622.06, 2689.65, 2733.855, 2761.54, 2782.975, 2786.38, 2830.29, 2889.99, 2939.24, 2990.995, 2999.865, 3013.44, 3062.54, 3064.37, 3097.68271875, 3150.715, 3168.67, 3172.36, 3180.245, 3200.325, 3239.31, 3269.0
 4698.875, 4755.635, 4759.855, 4766.86, 4804.425, 4868.765, 4929.395, 5075.465, 5083.72, 5176.44, 5182.5, 5229.22, 5279.775, 5343.235, 5437.265, 5449.565, 5460.705, 5494.415, 5497.88, 5528.6, 5553.565, 5573.17, 5583.15, 5599.955, 5643.605,
19245.4, 19542.57]


2283.945, 2318.55, 2327.265, 2345.55, 2349.175, 2387.175, 2389.67, 2409.91, 2454.625, 2514.88, 2549.1, 2553.235, 2580.705, 2598.935, 2600.755, 2607.935, 2654.47, 2689.655, 2693.88, 2740.8, 2773.31, 2789.735, 2802.8, 2817.42, 2866.225, 2868.
.52, 8982.82, 9156.18, 9220.855, 9222.475, 9441.525, 9582.685, 9588.355, 9606.255, 9640.59, 10264.1, 10658.955, 12962.94, 13974.43, 14317.765, 14432.68, 14473.43, 14961.205, 15032.11, 15103.385, 15260.95, 15305.46, 15500.22, 15507.875, 1558
0715.585, 10731.625, 10767.93, 10799.29, 10840.48, 10844.32, 10903.88, 11026.705, 11121.665, 11146.23, 11150.85, 11187.225, 11189.055, 11198.15, 11249.73, 11259.75, 11280.53, 11283.545, 11385.255, 11389.055, 11405.63, 11442.96, 11472.625, 1
1447.805, 1449.66, 1452.605, 1458.145, 1473.485, 1501.38, 1522.655, 1537.93, 1543.24, 1549.005, 1555.515, 1557.93, 1579.84, 1589.79, 1605.1, 1646.865, 1717.45, 1758.145, 1761.485, 1773.66, 1780.94, 1785.55, 1787.63, 1797.92, 1813.4, 1845.73
73.605, 1101.825, 1119.645, 1156.97, 1173.465, 1213.52, 1221.295, 1240.985, 1242.255, 1246.15, 1251.945, 1346.55, 1358.88, 1397.8, 1429.305, 1447.61, 1479.955, 1483.4, 1501.44, 1508.92, 1516.025, 1528.86, 1533.925, 1537.725, 1543.825, 1560.
31, 2097.24, 2112.595, 2197.245, 2208.84, 2227.79, 2267.965, 2311.455, 2313.48, 2318.56, 2387.63, 2390.025, 2402.535, 2404.155, 2426.77, 2451.675, 2457.135, 2475.125, 2478.995, 2533.99, 2577.855, 2583.4, 2588.63, 2592.3, 2613.755, 2623.905,
8.835, 2188.105, 2197.275, 2227.775, 2276.045, 2308.72, 2361.405, 2382.265, 2407.67, 2423.11, 2457.125, 2478.995, 2492.205, 2507.785, 2514.76, 2537.045, 2553.235, 2580.755, 2592.305, 2613.74, 2654.44, 2665.265, 2674.855, 2689.66, 2697.785,


, 16186.3, 16627.065, 16978.46, 17573.935, 19463.26]


, 7187.175, 7657.095, 8022.03, 10067.4, 10374.89, 13151.88, 13539.59, 14194.965, 14750.265, 14868.715, 16266.13, 16426.78, 19609.12, 19801.215, 20081.9]
2261.315, 2267.275, 2312.955, 2320.09, 2321.745, 2360.19, 2387.645, 2400.46, 2452.6085, 2463.07, 2466.58, 2532.525, 2579.19, 2623.79, 2666.655, 2682.495, 2725.695, 2772.195, 2815.3, 2841.945, 2882.935, 2932.435, 2934.9, 2967.9, 2979.56, 299
5697.84, 5721.78, 5854.585, 5947.22, 6153.72, 6174.725, 6262.17, 6415.255, 6424.775, 6429.895, 6496.385, 6571.2, 6574.335, 6584.25, 6803.435, 6804.84, 6813.395, 6899.1, 6911.5, 6955.0, 7022.4, 7027.94, 7533.19, 13213.3, 14254.715, 15451.35,


6410.225, 6602.25, 6666.91, 6732.18, 6915.33, 6961.765, 7524.93, 7550.795, 7656.915, 7908.82, 8469.32, 8505.895, 8607.535, 8618.46, 9056.235, 9178.615, 9354.105, 9483.46, 9899.66, 9999.68, 10194.31, 10351.89, 10543.415, 10650.305, 10907.36,
.86, 5143.475, 5200.46, 5276.02, 5277.16, 5513.9, 5659.465, 5700.0, 5749.765, 5889.835, 6008.1, 6095.24, 6138.385, 6187.435, 6351.315, 6373.39, 6432.485, 6488.79, 6571.265, 6611.615, 6688.165, 6709.195, 6745.06, 6830.475, 6964.575, 7048.88,
688.545, 2713.035, 2864.645, 2919.645, 2934.885, 2967.11, 3077.14, 3157.9, 3159.505, 3186.39, 3266.875, 3267.98, 3281.46, 3366.265, 3470.96, 3477.615, 3481.505, 3523.14, 3543.58, 3552.54, 3560.365, 3566.095, 3618.49, 3653.46, 3659.77, 3664.
.37, 4923.34, 5015.73, 5060.85, 5115.535, 5124.61, 5150.68, 5239.7, 5242.6475625, 5270.95, 5392.02, 5453.05, 5460.25, 5475.53, 5592.2, 5668.925, 5854.685, 5865.825, 5909.73, 5950.735, 5956.0, 5989.055, 6076.555, 6125.38, 6192.335, 6206.535,


 5276.165, 5528.705, 5721.455, 5983.48, 6032.43, 6048.21, 6244.7, 6531.655, 6623.495, 6667.045, 6791.365, 7046.725, 10361.28, 12179.34, 14506.66, 14827.345, 15457.41, 15555.55, 15724.235, 16076.445, 16078.525, 16394.155, 17414.935, 18123.74
85, 5059.46, 5066.12, 5277.24, 5488.565, 5529.005, 5610.745, 5948.97, 6138.535, 6153.71, 6189.545, 6278.615, 6318.355, 6415.06, 6490.615, 6531.225, 6571.465, 6603.13, 6700.685, 6759.59, 6781.135, 6851.3, 6889.56, 6899.22, 6900.32, 6961.91,

1.85]
355, 2577.815, 2600.915, 2625.085, 2653.55, 2675.275, 2695.55, 2705.03, 2706.805, 2721.995, 2752.06, 2757.105, 2772.78, 2782.585, 2822.235, 2840.39, 2864.67, 2893.98, 2903.685, 2932.965, 2943.23, 3008.795, 3012.62, 3030.325, 3048.115, 3064.
.09, 2407.735, 2453.73, 2527.095, 2580.69, 2645.535, 2647.155, 2658.16, 2706.8, 2708.015, 2722.595, 2759.061625, 2816.57, 2822.365, 2840.385, 2843.32, 2846.84678125, 2864.68, 2871.85, 2896.905, 2930.555, 2956.335, 3008.595, 3076.605, 3140.4



90.565, 3894.42, 3918.945, 4003.345, 4027.41, 4109.38, 4194.04, 4267.79, 4276.49, 4335.835, 4347.58, 4391.7, 4455.38, 4458.69, 4470.625, 4478.425, 4492.225, 4552.59, 4568.265, 4580.825, 4633.62, 4640.115, 4973.84, 5001.64, 5091.855, 5116.73
19.81, 3827.16, 3832.835, 3841.335, 3842.555, 3846.28, 3939.01, 3995.34, 4040.17, 4059.09, 4102.02, 4119.64, 4133.5, 4148.735, 4151.925, 4178.745, 4194.045, 4323.22, 4391.77, 4426.135, 4441.885, 4461.15, 4546.165, 4663.07, 4685.56, 4714.055
, 6120.655, 6174.79, 6472.31, 6494.055, 6616.82, 6672.99, 6801.11, 6822.935, 6859.835, 6878.02, 6906.315, 7181.675, 7221.565, 7245.92, 8618.7, 9615.085, 12337.67, 13936.31, 15386.02, 15660.765, 15959.155, 16105.45, 18123.615, 19245.625]

443.085, 3448.045, 3481.545, 3508.07, 3529.855, 3558.67, 3560.095, 3562.93, 3618.345, 3621.78, 3707.6, 3766.345, 3780.88, 3800.965, 3819.73, 3881.955, 3903.165, 3926.09, 3943.455, 4023.98740625, 4146.14, 4152.25, 4155.385, 4167.84, 4213.475
18518.415, 18930.42, 19251.68, 19430.82, 19463.2, 19582.42, 19863.625]
6.06, 4087.59, 4151.375, 4228.96, 4274.82, 4347.33, 4359.61, 4361.945, 4391.765, 4399.86, 4681.515, 4689.255, 4701.07, 4712.455, 4949.445, 5071.135, 5244.9, 5362.175, 5460.485, 5540.415, 5597.245, 5616.405, 5659.62, 5666.11, 5675.485, 5768.
77.525, 5435.3, 5512.39, 5659.445, 6003.59, 6123.03, 6138.26, 6209.37, 6211.8, 6449.88, 6674.685, 6750.37, 6819.92, 6909.97, 6912.205, 7187.61, 7226.94, 7524.93, 7548.065, 7695.015, 7858.17, 8744.145, 10329.44, 10619.7, 10903.615, 11248.325
255, 7697.985, 7735.88, 10385.57, 13897.725, 15408.235, 15413.705, 15457.7, 15515.73, 15610.495, 15824.595, 15837.515, 15992.245, 16014.27, 16060.345, 16103.14, 16737.25, 17594.21, 18433.785, 19582.425]

 6935.16, 6948.7, 7046.365, 7110.91]


2.775, 4200.87, 4203.465, 4253.895, 4410.67, 4482.685, 4502.295, 4565.615, 4748.21, 4808.63, 4942.44, 5422.525, 5494.895, 5536.69, 5632.55, 5658.78, 5749.87, 5798.185, 5898.65, 6073.44, 6120.365, 6138.89, 6174.71, 6273.14, 6305.565, 6337.74





, 1753.68, 1760.7, 1787.625, 1797.845, 1806.715, 1813.125, 1826.885, 1847.64, 1855.74, 1887.56, 1919.48, 1980.955, 1984.895, 2022.285, 2024.935, 2042.475, 2094.105, 2118.01, 2139.505, 2168.45, 2188.08896875, 2234.705, 2241.945, 2257.79, 229

, 14473.45, 14558.255, 14647.8, 15386.035, 16010.44, 16076.115, 16296.925, 16312.185, 16322.955, 16940.64, 17970.975, 18624.445, 18824.57, 19111.83, 19129.975, 19132.05, 19169.51, 19556.215, 19667.875, 19763.43, 20139.05]
 2580.695, 2592.275, 2594.5, 2600.67, 2607.94, 2645.84, 2683.955, 2689.64, 2693.83115625, 2699.555, 2704.995, 2730.22, 2740.815, 2745.97, 2749.14, 2751.94, 2797.93, 2804.66, 2817.14, 2829.6, 2864.56, 2866.42, 2903.655, 2932.35, 2981.485, 29
390.325, 3412.85, 3441.15, 3522.885, 3528.78, 3542.69053125, 3555.96, 3575.43, 3582.655, 3673.315, 3682.675, 3702.575, 3736.09, 3740.15, 3769.5, 3801.035, 3803.8, 3806.77, 3824.42, 3827.185, 3834.565, 3840.365, 3845.065, 3893.755, 3903.255,
4076.635, 4133.455, 4144.575, 4152.29, 4191.03, 4295.93, 4299.98, 4355.955, 4362.06, 4393.075, 4456.4131875, 4485.31, 4523.89, 4635.025, 4755.635, 4799.345, 4923.67, 4926.595, 4932.76, 4935.595, 4993.64, 5046.225, 5051.565, 5061.29, 5063.69
75, 3307.485, 3311.3, 3338.715, 3343.395, 3355.765, 3385.065, 3411.385, 3423.9, 3428.015, 3459.85, 3481.5694375, 3522.88, 3530.1085, 3566.195, 3580.62, 3615.35459375, 3617.735, 3679.96, 3712.1163125, 3713.955, 3744.375, 3747.595, 3775.47, 3
5655.525, 5674.42, 5676.02, 5683.935, 5737.025, 5739.145, 5762.505, 5776.83, 5804.245, 5808.105, 5824.18, 5845.05, 5849.36, 5864.075, 5873.04, 5897.18, 5904.055, 6046.14, 6057.41, 6079.26, 6084.595, 6093.985, 6118.22, 6122.195, 6138.245, 61



735, 2881.225, 2915.78, 2932.335, 2964.97, 2978.22, 2980.52, 3003.995, 3068.865, 3089.67, 3099.76, 3127.545, 3132.925, 3150.545, 3154.68, 3172.395, 3188.125, 3214.28, 3225.23, 3257.15, 3279.29, 3282.195, 3287.935, 3297.865, 3338.495, 3345.6
0.68, 15741.77, 15815.5, 15966.77, 16177.98, 16186.83, 16345.345, 16422.325, 16426.23, 16541.85, 16737.35, 17038.185, 17575.195, 17644.42]
1510.975, 11535.85, 11555.365, 11561.725, 11619.455, 11629.795, 11697.72, 11786.295, 11798.44, 11869.48, 11922.6085, 11983.92, 12018.835, 12111.065, 12132.625, 12135.565, 12153.985, 12180.04, 12220.725, 12243.72, 12305.965, 12328.995, 12398
, 1874.65, 1880.315, 1886.89, 1888.29, 1891.245, 1911.29, 1929.3, 1939.2, 1945.05, 1947.29, 1952.535, 1961.465, 1974.615, 1977.57, 1995.445, 2007.11, 2031.265, 2054.33, 2061.08, 2070.145, 2093.035, 2100.805, 2103.025, 2109.425, 2154.555, 21
06, 1603.2, 1605.12, 1638.17, 1646.73, 1691.545, 1716.36, 1760.48, 1765.235, 1787.325, 1813.47, 1825.805, 1844.235, 1872.755, 1893.81, 1917.755, 1947.295, 1949.7, 1956.26, 1961.505, 1980.44, 1990.815, 2024.935, 2028.17, 2158.85, 2188.105, 2
 2625.075, 2638.28, 2689.72, 2703.805, 2716.1, 2735.985, 2746.06, 2779.82, 2817.59, 2837.985, 2864.64, 2871.93, 2881.665, 2978.13, 2983.75, 3003.915, 3010.815, 3013.45, 3035.07, 3062.51, 3071.81, 3079.785, 3149.17, 3172.39, 3180.275, 3187.7
2740.78, 2787.24, 2790.315, 2798.02, 2821.9, 2837.435, 2843.305, 2846.655, 2851.95, 2864.625, 2915.795, 3006.395, 3023.31, 3035.07, 3047.96, 3091.295, 3123.1, 3163.79, 3169.045, 3202.12, 3233.755, 3239.195, 3240.98, 3257.115, 3274.765, 3277






9.995, 3010.85, 3040.675, 3047.1, 3062.785, 3109.06, 3119.125, 3163.795, 3193.31, 3201.37803125, 3264.65, 3292.51, 3321.635, 3324.70225, 3376.435, 3379.485, 3392.78, 3398.30771875, 3423.745, 3426.33, 3430.36240625, 3446.285, 3466.22, 3488.7
 16519.245, 19315.335, 19609.125]


 11348.695, 11368.305, 11599.015, 11836.88, 12296.77, 12313.47, 12620.39, 12772.82, 12776.745, 12911.686625, 13270.735, 13853.505, 14170.025, 14254.735, 14350.62, 14435.885, 14478.925, 14543.15, 14589.85, 14660.035, 14680.975, 15445.805, 15
 7091.815, 7163.94, 7201.33, 7228.33, 7466.48, 7937.94, 8941.79, 15722.325, 19609.14, 20036.565]
42, 3756.94, 3779.545, 3816.475, 3824.48, 3926.065, 3932.67, 3965.025, 4048.73, 4155.605, 4168.13, 4200.615, 4217.195, 4236.045, 4240.635, 4261.47, 4290.56, 4350.725, 4362.515, 4379.46, 4482.1, 4499.95, 4518.67, 4556.305, 4567.27, 4592.595,
 6215.8, 6238.935, 6293.57, 6312.705, 6344.37, 6436.11, 6441.59, 6493.305, 6509.46, 6524.58, 6531.64, 6595.385, 6666.905, 6732.38, 6830.485, 6855.97, 6862.385, 6916.15, 6918.085, 6929.72, 7038.55, 7110.91, 7158.675, 7260.795, 7279.955, 7446


5, 19245.5, 19463.32, 19582.545]
7029.28, 7045.37, 7072.685, 7229.465, 7252.75, 7259.295, 7260.37, 7269.57, 7468.325, 7520.52, 7706.735, 7797.92, 9260.035, 10450.91, 10957.03, 14415.79, 14506.66, 15514.64, 15606.405, 15660.665, 15664.685, 15729.585, 16426.365, 16627.0, 167


105, 3116.56, 3140.455, 3172.4, 3202.14, 3234.155, 3269.07, 3274.71, 3279.44, 3342.145, 3375.255, 3420.97959375, 3426.365, 3448.05, 3470.91, 3477.535, 3506.0538125, 3531.48, 3560.21, 3582.635, 3591.755, 3593.9, 3621.895, 3629.02, 3637.945,
65, 3210.385, 3214.435, 3237.52, 3239.48, 3256.605, 3271.1, 3279.52, 3282.48, 3323.45, 3343.045, 3350.385, 3361.505, 3426.365, 3471.005, 3478.785, 3485.955, 3494.02, 3497.65, 3508.22, 3556.055, 3558.775, 3567.835, 3584.88, 3600.535, 3613.41



, 5172.815, 5239.395, 5347.425, 5436.55, 5449.095, 5485.87, 5531.12, 5587.375, 5661.14, 5680.275, 5696.93, 5767.265, 5803.71, 5821.39, 5824.135, 5840.0, 5851.93, 5866.87, 5954.94, 5962.61, 6001.64, 6031.335, 6171.405, 6341.19, 6371.96, 6378
, 5047.62, 5053.74, 5127.82, 5206.32, 5222.675, 5309.445, 5384.14, 5504.805, 5521.84, 5552.945, 5768.48, 5800.96, 5821.43, 5872.04, 5881.425, 5923.5, 5989.815, 6011.89, 6103.105, 6105.72, 6205.695, 6209.575, 6237.915, 6239.12, 6241.415, 626


, 4279.41, 4347.26, 4385.595, 4399.9, 4432.035, 4471.99, 4474.78, 4518.53, 4527.655, 4533.01, 4535.97, 4551.63, 4622.355, 4717.89, 5170.63, 5254.12, 5255.93, 5523.64, 5596.58, 5616.275, 5623.1, 5659.32, 5694.495, 5695.65, 5759.405, 5847.445

815, 5771.78, 5786.695, 5849.44, 5923.35, 6000.755, 6193.215, 6469.685, 6537.565, 6614.475, 6633.495, 6669.13, 6709.59, 6749.645, 6780.435, 6836.395, 6884.95, 6897.59, 6917.725, 6945.89, 6960.215, 6964.15, 7045.65, 7200.54, 7254.84, 7332.68
, 11306.805, 11695.355, 11985.015, 12518.94, 12533.655, 12612.95, 13214.605, 13658.375, 13844.405, 13894.08, 13923.755, 14242.65, 14586.33, 14827.485, 14885.045, 14932.85, 14955.485, 15032.785, 15119.93, 15259.935, 15261.07, 15305.51, 15390





5, 6488.84, 6581.465, 6753.63, 6756.77, 6833.21, 6888.685, 6894.615, 6961.73, 6981.035, 7066.935, 7094.27, 7097.24, 7164.05, 7187.88, 7190.155, 7264.955, 13260.43, 17322.685, 18610.285, 19614.885]





6.4, 2299.385, 2340.1, 2382.27, 2387.535, 2429.75, 2443.34, 2467.98, 2472.24, 2481.555, 2487.745, 2509.365, 2526.11, 2551.915, 2603.7, 2610.7, 2625.2, 2638.225, 2688.385, 2695.25, 2699.545, 2740.685, 2749.455, 2751.855, 2753.905, 2786.49, 2


99.885, 3003.72, 3011.6, 3013.465, 3030.54, 3047.9, 3049.385, 3065.265, 3109.76, 3123.025, 3131.025, 3135.69, 3145.82, 3150.49, 3187.965, 3200.3, 3203.385, 3221.99, 3234.23, 3254.87, 3257.125, 3274.705, 3300.55, 3307.11, 3311.25, 3314.155,
 3912.305, 3968.575, 3994.405, 3996.695, 4021.45, 4053.645, 4084.35, 4098.67, 4106.655, 4130.735, 4146.15, 4171.255, 4194.175, 4235.565, 4239.58, 4253.82, 4276.225, 4290.35, 4294.585, 4301.81, 4409.53, 4431.71, 4472.105, 4478.38, 4496.37, 4
5, 5072.03, 5085.69, 5092.68, 5106.025, 5189.34, 5193.965, 5234.75, 5254.075, 5255.945, 5271.98, 5410.78, 5427.91, 5456.98, 5494.41, 5545.57, 5547.65, 5602.9, 5609.475, 5626.515, 5659.445, 5683.835, 5729.145, 5737.025, 5752.87, 5763.42, 578
798.575, 3809.99, 3818.255, 3824.65, 3853.42, 3868.66, 3873.045, 3876.83, 3901.73, 3934.205, 3943.685, 3994.68, 4141.71, 4189.43, 4239.62, 4264.335, 4340.625, 4347.475, 4353.285, 4381.84, 4390.865, 4400.075, 4411.28, 4412.595, 4432.175, 447
53.74, 6208.075, 6223.17, 6231.42, 6242.5, 6252.305, 6261.57, 6264.065, 6265.35, 6290.965, 6294.805, 6315.665, 6352.595, 6355.7, 6373.675, 6427.405, 6469.05, 6488.475, 6524.005, 6531.595, 6551.48, 6562.68, 6568.77, 6574.325, 6609.815, 6626.



6, 3361.705, 3385.075, 3404.225, 3414.74, 3423.935, 3426.485, 3431.6, 3438.145, 3443.125, 3468.75, 3492.83, 3522.88, 3549.24, 3560.155, 3566.055, 3575.41, 3582.525, 3591.385, 3600.54, 3613.45, 3617.105, 3621.585, 3632.5, 3634.53, 3673.48, 3

.845, 12416.805, 12708.96, 13117.92, 13290.9, 13416.2, 13565.95, 13973.945, 14358.845, 15214.055, 15429.57, 15806.905, 15912.635, 15958.54, 16578.3, 17905.29, 19437.06, 19603.225, 19649.145]
68.56, 2193.395, 2211.4, 2217.02, 2223.585, 2236.06, 2247.98, 2257.49, 2273.835, 2296.725, 2298.49, 2304.585, 2308.755, 2318.55, 2327.285, 2346.225, 2349.015, 2457.1, 2464.58, 2484.825, 2487.885, 2503.855, 2507.775, 2514.845, 2521.72, 2553.
197.88, 2208.865, 2227.76, 2234.865, 2267.33, 2284.95, 2365.17, 2376.445, 2380.72, 2382.26084375, 2389.655, 2404.94, 2454.65, 2457.125, 2481.91, 2496.615, 2513.24, 2526.14, 2549.255, 2553.27, 2562.72, 2588.385, 2601.145, 2617.96, 2620.065,
15, 3203.405, 3222.03, 3226.52, 3257.115, 3276.21, 3314.215, 3319.89, 3343.27, 3371.87, 3390.525, 3408.305, 3431.555, 3438.155, 3500.82, 3512.92, 3542.685, 3549.215, 3558.59, 3560.325, 3573.35, 3613.39, 3696.075, 3707.605, 3714.05, 3730.4,
.05, 3282.175, 3287.915, 3390.515, 3392.71, 3412.875, 3431.61, 3438.14, 3444.68, 3463.5, 3503.395, 3549.21, 3560.37, 3562.66, 3591.58, 3673.49, 3676.94, 3682.76, 3769.5, 3820.94, 3824.535, 3840.39, 3866.63, 3881.96, 3903.4, 3929.67, 3934.24






35, 3492.84, 3527.84, 3532.27, 3537.07, 3561.345, 3579.13, 3590.3, 3621.48, 3634.175, 3643.645, 3655.94, 3678.09, 3696.975, 3710.7335, 3728.295, 3746.86, 3752.705, 3786.925, 3805.975, 3827.96, 3845.62, 3890.405, 3913.0, 3924.255, 3927.485,



525.365, 15553.23, 15574.625, 15680.275, 15722.18, 16079.995, 16152.8, 16278.05, 16279.725, 16286.91, 16325.72, 16386.985, 16519.245, 16527.955, 16614.175, 16672.865, 16675.745, 16785.75, 16897.76, 17026.74, 17073.375, 17131.19, 17264.155,

 4600.94, 4606.93, 4621.525, 4687.215, 4692.07, 4693.95, 4708.75, 4714.735, 4726.855, 4750.355, 4752.6, 4767.055, 4941.875, 4945.15, 5031.565, 5064.65, 5095.35, 5112.97, 5150.81, 5155.375, 5182.35, 5184.72959375, 5290.81, 5319.545, 5346.635
.475, 7496.61, 7508.72, 7707.015, 7923.12, 10052.975, 11417.295, 11949.895, 12053.395, 12311.29, 12613.04, 12686.045, 13124.205, 13697.11, 14001.515, 14524.22, 14525.87, 15061.02, 15745.175, 16005.01, 16075.96, 16091.815, 16273.3, 16276.475



37.19, 18669.08, 18992.695, 19883.65, 20081.905]


3643.945, 3657.14, 3663.915, 3696.0, 3723.075, 3727.225, 3744.02, 3777.585, 3798.255, 3819.91, 3845.2, 3882.005, 3883.86, 3926.085, 3934.225, 3936.175, 3945.08, 3970.18, 3996.6, 4020.82, 4024.49, 4040.695, 4046.565, 4047.79, 4068.135, 4076.
, 3617.105, 3653.815, 3671.125, 3675.43, 3679.295, 3707.585, 3752.05, 3779.085, 3780.895, 3801.085, 3819.91, 3832.905, 3842.09, 3866.6, 3926.065, 3940.66, 3970.18, 4046.49, 4052.88, 4114.905, 4139.07, 4141.775, 4175.94, 4179.44, 4221.32, 42



.66, 6381.57, 6388.465, 6429.515, 6432.495, 6516.03, 6551.48, 6570.005, 6609.15, 6612.95, 6635.875, 6661.405, 6684.57, 6690.895, 6720.165, 6753.735, 6756.96, 6787.685, 6828.675, 6845.41, 6881.745, 6888.7, 6913.915, 6944.37, 6982.92, 6994.25
4.21, 6269.2, 6333.085, 6341.085, 6350.345, 6371.02, 6384.875, 6447.08, 6459.905, 6465.245, 6514.44, 6570.02, 6579.09, 6628.12, 6643.29, 6677.615, 6753.92, 6820.62, 6822.1, 6843.615, 6845.615, 6871.53, 6873.855, 6875.365, 6889.76, 6949.745,


, 5888.86, 6007.65, 6055.805, 6082.56, 6087.925, 6096.2, 6097.92, 6122.155, 6124.98, 6170.38, 6189.165, 6215.81, 6238.505, 6263.49, 6317.975, 6344.27, 6350.82, 6353.92, 6368.495, 6388.45, 6406.8, 6420.65, 6427.35, 6490.535, 6506.355, 6580.4

, 7572.25, 7611.995, 7707.05, 7736.79, 7894.095, 7923.085, 8042.8, 8147.61, 8696.385, 9119.865, 9240.315, 9615.12, 9640.64, 10361.07, 10373.935, 10381.595, 10487.38, 10619.7, 11074.38, 11248.315, 11389.115, 11695.35, 11798.285, 12244.33, 12
.435, 15413.695, 15415.775, 15430.05, 15435.93, 15439.765, 15451.36, 15457.3, 15514.54, 15555.06, 15624.465, 15629.96, 15644.93, 15683.215, 15713.97, 15821.455, 15875.455, 15913.89, 15938.76, 15943.495, 15947.995, 15971.455, 16008.475, 1601











813.685, 2866.43, 2921.87, 2935.345, 2949.5, 2956.455, 2957.785, 2999.875, 3038.51, 3049.23, 3051.73, 3087.45, 3135.69, 3146.915, 3154.59, 3200.325, 3222.305, 3249.39, 3257.13, 3283.15, 3288.05, 3307.145, 3333.965, 3349.975, 3361.665, 3371.


3321.475, 3330.33, 3361.555, 3379.56, 3390.32, 3392.76, 3408.16, 3414.965, 3417.62, 3423.765, 3438.175, 3448.0, 3481.61, 3490.11, 3494.3, 3497.6, 3549.155, 3555.945, 3558.505, 3560.15, 3562.97, 3579.7, 3582.405, 3584.78, 3591.45, 3593.695,
527.65, 4529.39, 4539.005, 4579.065, 4658.315, 4685.245, 4706.115, 4730.195, 4738.995, 4751.465, 4766.145, 4770.23, 4795.26475, 4962.0, 4965.75, 4993.89, 4999.365, 5015.045, 5050.3, 5052.185, 5055.345, 5078.095, 5088.8, 5092.66, 5096.31, 51
9.715, 5801.095, 5866.615, 5880.355, 5895.465, 5914.695, 5959.23, 5964.265, 6000.415, 6087.875, 6096.325, 6137.815, 6252.305, 6271.785, 6286.43, 6318.13, 6342.315, 6344.325, 6348.44, 6380.66, 6399.54, 6415.08, 6492.92, 6506.645, 6531.595, 6
2.23, 4518.315, 4547.765, 4689.31, 4698.86, 4736.51, 4766.74, 4929.33, 4935.58, 4984.38, 4993.625, 5046.465, 5075.48, 5176.43, 5236.33, 5254.06, 5260.465, 5271.97, 5286.965, 5314.235, 5395.125, 5420.49, 5435.175, 5450.845, 5456.98, 5489.925
03, 6631.99, 6700.9, 6713.84, 6788.92, 6822.94, 6825.27, 6859.905, 6878.035, 6899.09, 6910.03, 6911.57, 6954.215, 6982.84, 6994.41, 7000.51, 7009.55, 7046.095, 7087.645, 7088.905, 7155.65, 7160.825, 7195.935, 7198.285, 7210.995, 7216.8, 749



682.84, 3699.98, 3725.825, 3740.265, 3787.76, 3801.245, 3803.0, 3816.475, 3824.45, 3832.48, 3845.03, 3864.08, 3866.58, 3869.09, 3879.815, 3945.38, 3950.12, 3963.095, 3982.095, 3985.635, 4003.365, 4011.93, 4024.325, 4029.79, 4062.23, 4076.57


225, 2583.415, 2598.915, 2600.75, 2603.755, 2608.045, 2611.225, 2619.03, 2635.25, 2638.225, 2642.04, 2645.95, 2651.835, 2665.29, 2674.815, 2680.455, 2689.625, 2693.86, 2726.55, 2731.755, 2733.925, 2749.5, 2752.185, 2761.355, 2766.48, 2768.8
2642.04, 2665.29, 2689.64, 2723.06, 2737.315, 2751.87, 2778.49, 2800.675, 2817.59, 2826.75, 2837.985, 2855.04, 2881.155, 2902.825, 2911.62, 2957.785, 3013.415, 3038.045, 3049.28, 3054.21, 3060.21396875, 3083.51, 3099.695, 3123.125, 3140.62,
3775.295, 3798.145, 3816.635, 3849.28, 3850.705, 3859.63, 3881.965, 3903.415, 3929.675, 3971.45, 4017.25, 4020.355, 4042.28, 4070.985, 4076.62, 4109.825, 4152.245, 4161.735, 4175.94, 4189.29, 4220.335, 4232.065, 4264.46, 4266.15928125, 4279
, 3971.45, 3976.86, 4001.39, 4024.25, 4062.23, 4076.61, 4107.42, 4141.565, 4178.885, 4180.77, 4220.44, 4241.845, 4261.15, 4290.56, 4295.93, 4340.615, 4347.31, 4350.095, 4355.705, 4378.505, 4436.115, 4459.485, 4485.33, 4496.385, 4606.29, 463






3948.66, 3980.405, 4022.88, 4047.8, 4056.11, 4060.705, 4065.81, 4077.59, 4112.105, 4122.00303125, 4127.435, 4141.47, 4155.475, 4170.865, 4172.755, 4180.78, 4189.36, 4194.26, 4203.39, 4209.035, 4245.58, 4261.15, 4266.145, 4271.505, 4290.89,



17275.7, 17360.255, 17393.835, 17787.365, 18184.89, 18196.375, 18306.305, 18398.365, 18583.3, 18588.47, 18594.635, 18610.24, 18865.0, 18885.36, 18965.675, 18998.495, 19136.725, 19195.95, 19200.1, 19217.315, 19224.44, 19291.9, 19323.48, 1940

, 5373.475, 5397.09, 5401.9, 5406.095, 5418.335, 5450.865, 5463.38, 5468.88, 5488.0, 5536.225, 5601.785, 5739.44, 5785.5, 5793.27, 5824.305, 5847.615, 6032.455, 6128.975, 6259.155, 6302.955, 6310.445, 6355.76, 6532.84, 6713.625, 6728.075, 6
, 16291.765, 16340.6, 16441.8, 16519.28, 16786.945, 16921.985, 16979.775, 17052.665, 17054.29, 17303.97, 17830.475, 17841.645, 18198.65, 18383.955, 18460.875, 18517.885, 18578.44, 18610.27, 19103.38, 19200.205, 19436.29, 19451.315, 19612.29






515, 4102.235, 4109.765, 4130.695, 4133.47, 4150.525, 4185.065, 4189.475, 4210.465, 4221.3, 4250.705, 4276.14, 4305.285, 4334.58, 4347.255, 4353.45, 4378.855, 4381.505, 4385.59, 4390.82, 4432.295, 4459.45, 4471.93, 4487.82, 4500.08, 4504.16
22.8, 4227.375, 4252.8, 4306.225, 4318.58, 4355.415, 4370.94, 4378.855, 4409.885, 4423.61, 4428.17, 4472.0, 4477.155, 4483.455, 4514.02, 4527.68, 4538.52, 4560.76, 4563.415, 4580.7413125, 4682.055, 4778.27, 4915.575, 4929.59, 4987.945, 5107



, 7028.08, 7054.775, 7183.875, 7509.05, 7513.3, 7561.55, 8280.73, 10435.835, 11176.545, 15525.37, 15992.365, 19452.24]
 7013.91, 7020.475, 7031.075, 7064.755, 7107.085, 7114.82, 7115.915, 7125.47, 7171.345, 7175.87, 7178.43, 7181.68, 7248.32, 7278.015, 7282.305, 7333.955, 7376.83, 7395.165, 7649.66, 8383.39, 11674.855, 11894.32, 13058.725, 13648.865, 13973.


3, 6595.485, 6622.535, 6626.035, 6686.02, 6687.95, 6700.825, 6744.845, 6848.555, 6897.325, 6913.335, 6936.49, 6961.64, 7029.29, 7050.12, 7063.83, 7091.48, 7110.855, 7145.655, 7161.595, 7201.235, 7222.72, 7572.29]

533.67, 12633.955, 12911.69, 13290.715, 13637.42, 13844.395, 13893.94, 13897.56, 13932.83, 14167.215, 14494.26, 14523.025, 14700.945, 14782.92, 14826.925, 14891.505, 14900.41, 14903.16, 14912.99, 14932.995, 15032.785, 15259.285, 15305.51, 1
4.68, 16078.43, 16102.98, 16341.8, 16422.3, 16515.235, 16557.325, 16561.655, 16737.085, 16779.96, 17022.945, 17277.175, 17416.64, 17504.74, 17509.535, 17525.56, 17707.835, 17787.49, 17909.365, 18068.145, 18244.895, 18579.345, 18930.715, 198











855, 3477.83, 3497.625, 3499.14, 3500.775, 3524.43, 3533.21, 3550.515, 3560.255, 3566.31, 3572.75, 3574.965, 3582.385, 3591.455, 3609.615, 3689.825, 3695.98, 3732.57, 3740.14, 3744.55, 3747.3, 3787.6, 3794.05, 3801.145, 3817.86, 3820.915, 3


3600.72, 3609.525, 3621.795, 3626.7, 3634.56, 3640.615, 3673.48, 3682.66, 3693.81, 3696.005, 3753.125, 3764.575, 3766.935, 3774.83, 3788.03, 3795.63, 3798.94, 3802.67, 3827.525, 3830.485, 3832.84, 3845.535, 3853.27, 3855.92, 3866.665, 3873.
81.91, 5250.16, 5254.135, 5264.59, 5286.935, 5453.78, 5456.72, 5485.955, 5489.91, 5494.395, 5513.895, 5599.26, 5674.67, 5707.97, 5710.905, 5726.38, 5735.715, 5760.685, 5763.49, 5804.19, 5805.925, 5808.79, 5817.09, 5819.405, 5835.16, 5863.80
574.33, 6634.805, 6685.94, 6851.72, 6961.765, 6994.29, 7019.575, 7050.3, 7060.715, 7064.085, 7091.79, 7157.04, 7160.25, 7498.625, 7524.925, 7656.9, 7814.015, 7906.515, 8042.445, 8092.335, 8661.945, 8710.66, 9231.17, 9569.875, 9587.815, 9899
, 5554.02, 5609.48, 5683.845, 5693.605, 5694.645, 5729.155, 5737.015, 5746.18, 5750.5, 5759.535, 5789.56, 5831.33, 5835.185, 6000.515, 6055.9, 6065.915, 6147.9, 6151.85, 6163.71, 6189.355, 6223.16, 6238.515, 6261.56, 6270.63, 6277.48, 6307.
8.625, 7514.745, 7521.155, 7629.715, 7648.96, 7650.935, 7684.445, 7698.205, 7785.67, 8088.69, 8296.095, 9278.12, 9570.185, 9583.135, 10016.075, 10026.38, 10494.605, 11510.205, 11576.19, 11784.43, 11860.085, 11920.705, 12018.115, 12086.205,



5, 4084.22, 4087.05, 4098.735, 4106.69, 4109.805, 4123.775, 4127.635, 4132.16, 4146.495, 4168.13, 4175.955, 4257.785, 4279.51, 4341.045, 4347.325, 4353.3, 4357.89, 4362.12, 4393.1085, 4409.705, 4417.33, 4428.015, 4429.44, 4451.255, 4485.37,


8, 2773.23, 2817.42, 2826.865, 2837.4, 2847.4, 2864.49, 2881.2, 2897.065, 2915.775, 2952.105, 2964.97, 2975.07, 2980.495, 2999.945, 3006.34, 3008.78, 3013.4, 3029.925, 3056.3194375, 3068.815, 3073.425, 3088.85, 3099.735, 3131.03, 3132.595,
 3149.155, 3180.24, 3187.69, 3208.105, 3240.905, 3246.38, 3257.185, 3298.235, 3307.85, 3332.85, 3345.61, 3368.365, 3372.245, 3387.255, 3412.895, 3414.665, 3453.375, 3468.765, 3471.16, 3476.57, 3477.85, 3503.41, 3512.91, 3530.12, 3555.285, 3
.4913125, 4294.42, 4318.59, 4322.475, 4340.62, 4362.105, 4385.66, 4400.175, 4412.17, 4444.945, 4464.49, 4523.915, 4698.85, 4792.875, 4932.75, 4950.775, 4993.665, 5046.22, 5050.315, 5063.705, 5072.04, 5100.09, 5112.285, 5144.835, 5157.755, 5
8.485, 4714.105, 4727.32, 4755.645, 4759.86, 4781.67, 4809.485, 4868.78, 4932.74, 4942.75, 4956.23, 4971.375, 4990.64, 4997.445, 5007.425, 5025.525, 5063.705, 5072.035, 5098.025, 5106.045, 5125.845, 5142.25, 5157.765, 5182.49, 5189.36, 5195






4327.74, 4347.74, 4366.905, 4378.87, 4419.19, 4428.11240625, 4451.08896875, 4454.265, 4472.465, 4475.885, 4496.45, 4521.3, 4527.075, 4534.2, 4548.415, 4586.49, 4748.62, 4809.245, 4812.28, 4859.135, 4941.93, 4949.545, 4972.665, 5017.32, 5051



0.105, 19427.125, 19436.08, 19479.03, 19518.99, 19534.275, 19552.665, 19643.015, 19839.955, 19919.305, 19928.87, 19931.32, 19940.99, 19981.185, 20024.22, 20080.86]

791.27, 6826.7, 6874.355, 6892.75, 7090.405, 7116.495, 7171.405, 7172.435, 7177.19, 7179.565, 7246.95, 7261.29, 7267.025, 7287.2, 7294.44, 7414.25, 7468.355, 7498.215, 7610.535, 7612.39, 7694.8, 7721.1, 7737.81, 7784.095, 7798.75, 7805.305,
, 19635.57, 19812.835, 19836.275, 20082.95, 20160.845, 20165.735]






, 4518.465, 4565.44, 4566.5, 4600.045, 4607.105, 4613.935, 4726.9, 4730.31, 4737.575, 4847.705, 4965.88, 4997.18, 5087.25, 5150.775, 5166.535, 5199.945, 5242.35, 5425.43, 5442.74, 5462.495, 5508.56, 5513.515, 5529.085, 5568.07, 5609.505, 56
.505, 5111.275, 5169.035, 5178.18, 5219.495, 5224.01, 5232.945, 5240.125, 5260.315, 5336.2413125, 5354.78, 5396.985, 5441.675, 5497.835, 5511.665, 5528.76, 5540.47, 5601.535, 5609.54, 5634.255, 5645.5069375, 5666.265, 5678.1, 5719.175, 5735




63, 14031.22, 14413.845, 14473.515, 14683.57, 15371.615, 15413.835, 15451.355, 15473.265, 15475.82, 15701.77, 15727.65, 15966.31, 15985.185, 16083.195, 16105.46, 16353.81, 16426.39, 16560.825, 16627.955, 17034.8, 17670.74, 17737.44, 18123.6




5375.875, 15404.915, 15408.11, 15413.695, 15416.46, 15429.375, 15451.375, 15496.205, 15515.485, 15551.6, 15579.05, 15629.955, 15648.97, 15652.345, 15701.655, 15745.765, 15820.685, 15840.135, 15875.455, 15913.76, 15917.075, 15943.365, 15945.
35.745, 19863.625]











824.415, 3840.395, 3868.975, 3903.68, 3909.46, 3934.065, 3982.445, 3999.035, 4001.38, 4017.12, 4024.485, 4040.67, 4051.035, 4062.445, 4076.625, 4106.955, 4109.875, 4130.69, 4168.065, 4195.01, 4220.445, 4245.71, 4257.165, 4301.795, 4340.625,


11, 3877.09, 3889.75, 3906.88, 3926.15, 3929.435, 3934.045, 3958.74, 3963.0, 3968.205, 3982.465, 3984.38, 3985.795, 3994.41, 4001.395, 4017.085, 4035.035, 4053.645, 4062.16, 4070.895, 4087.045, 4090.96, 4094.69, 4098.68, 4113.47, 4130.72, 4
5, 5866.205, 5921.67, 5955.56, 5961.03, 6008.105, 6015.29, 6019.26, 6054.29, 6096.375, 6185.34, 6190.775, 6194.43, 6207.915, 6242.675, 6252.315, 6307.67, 6325.805, 6373.405, 6380.865, 6388.42, 6410.665, 6415.06, 6432.49, 6489.14, 6496.395,
.85, 9938.76, 10194.325, 10913.44, 11283.34, 11346.8, 11576.185, 11775.275, 11848.205, 11860.085, 11920.7, 12266.805, 12400.17, 12798.17, 12919.765, 12921.54, 13269.005, 13543.805, 13622.355, 13638.25, 13767.345, 13776.135, 13806.425, 13821
825, 6331.96, 6364.645, 6373.4, 6376.215, 6412.57, 6427.355, 6437.51, 6521.99, 6531.545, 6542.86, 6549.91, 6551.585, 6595.455, 6603.605, 6622.155, 6666.91, 6767.08, 6804.115, 6819.91, 6822.995, 6871.135, 6910.1, 6988.205, 6994.39, 7022.2, 7
12266.8, 12583.935, 12798.17, 13269.01, 13403.265, 13543.8, 13558.195, 13622.36, 13653.47, 13656.975, 13736.73, 13767.34, 13770.48, 13806.42, 13821.925, 13949.455, 14013.335, 14266.52, 14301.62, 14372.165, 14826.795, 15202.065, 15254.3, 153



 4533.08, 4684.665, 4713.79, 4744.885, 4760.1, 4767.09, 4923.675, 4929.41, 4935.66, 4942.78, 4966.385, 4994.225, 5002.615, 5015.17, 5051.64, 5061.37, 5098.045, 5106.085, 5107.65, 5129.25, 5141.515, 5150.45, 5170.81, 5182.5, 5205.675, 5222.3


3140.62, 3180.235, 3194.595, 3229.63, 3234.225, 3239.325, 3249.375, 3266.775, 3269.12021875, 3279.295, 3282.24, 3297.87, 3311.24, 3314.14, 3330.32, 3340.45, 3346.355, 3350.415, 3379.455, 3385.05, 3392.83, 3414.73, 3421.36, 3423.935, 3426.21
558.69, 3560.395, 3567.915, 3657.42, 3664.42, 3679.79, 3702.605, 3707.605, 3726.245, 3740.395, 3765.57, 3777.015, 3793.035, 3880.115, 3889.955, 3909.45, 3990.36, 3999.065, 4012.455, 4072.92, 4109.82, 4114.15, 4116.125, 4135.14, 4139.1, 4148
167.095, 5169.17, 5181.41, 5214.625, 5226.62, 5252.895, 5257.85, 5307.645, 5382.165, 5395.115, 5399.25, 5410.785, 5441.86, 5448.565, 5456.97, 5460.7, 5489.95, 5508.58, 5573.015, 5596.57, 5599.94, 5612.48, 5623.505, 5643.595, 5659.445, 5674.
.255, 5254.07, 5257.85, 5264.605, 5355.315, 5395.11, 5410.78, 5420.52, 5448.595, 5456.98, 5461.06, 5508.575, 5547.645, 5573.025, 5596.565, 5602.915, 5604.905, 5634.245, 5643.595, 5659.45, 5683.825, 5695.965, 5698.505, 5704.225, 5782.985, 58






.08, 5058.04, 5060.835, 5065.995, 5125.08, 5126.64, 5159.76, 5196.605, 5222.935, 5239.39, 5244.46, 5279.19, 5312.59, 5421.69, 5427.915, 5459.705, 5485.05, 5505.05, 5510.1944375, 5566.965, 5669.24, 5679.295, 5697.42, 5734.395, 5752.955, 5760





 7809.32, 7826.855, 7830.54, 7886.05, 7891.985, 8032.51, 8138.465, 8355.005, 8990.885, 9097.75, 9137.04, 9237.82, 9402.84, 9576.155, 9837.87, 9843.035, 9871.955, 9879.895, 10343.88, 10361.17, 10385.525, 10779.225, 10975.065, 11020.29, 11367







97.3, 5749.545, 5752.055, 5759.43, 5763.115, 5801.445, 5802.94, 5804.235, 5832.52, 5867.315, 5885.635, 5888.88, 5895.01, 5911.385, 5938.325, 6003.635, 6007.63, 6015.31, 6045.685, 6055.805, 6062.895, 6094.715, 6097.915, 6118.755, 6158.82, 61
.7, 5740.535, 5779.27, 5787.93, 5810.35, 5829.325, 5832.51, 5846.315, 5849.79, 5854.195, 5858.22, 5865.815, 5884.185, 5890.97, 5911.38, 5955.275, 5957.635, 6028.465, 6082.41, 6124.95, 6143.845, 6189.305, 6221.99, 6292.385, 6310.85, 6315.725




35, 18244.725, 18420.28, 18668.99, 19346.125, 19392.72, 19453.92, 19476.76, 19582.545, 19867.16]




285, 15978.395, 15982.135, 15992.255, 16018.54, 16032.16, 16076.2, 16078.43, 16085.32, 16091.95, 16095.855, 16390.75, 16497.385, 16515.235, 16680.08, 16725.12, 17030.865, 17034.945, 17277.165, 17341.75, 17414.985, 17416.51, 17593.965, 17707












 4361.9, 4367.665, 4392.97, 4417.26, 4446.295, 4472.115, 4522.91, 4525.945, 4529.64, 4736.51, 4743.84, 4880.91, 4923.025, 4929.34, 4999.345, 5002.61, 5061.345, 5106.025, 5112.08, 5132.56, 5239.98, 5260.265, 5264.585, 5354.75, 5421.64, 5422.


133.6, 4139.065, 4144.525, 4181.22, 4189.225, 4210.425, 4223.08, 4224.99, 4253.81, 4261.145, 4266.115, 4299.855, 4334.41709375, 4353.31, 4355.235, 4362.52, 4381.725, 4392.995, 4400.085, 4428.075, 4431.925, 4435.41, 4445.05, 4472.115, 4478.3
6523.81, 6643.375, 6656.58, 6676.205, 6678.25, 6686.045, 6700.715, 6748.755, 6753.275, 6763.65, 6767.29, 6788.7, 6806.48, 6819.905, 6822.365, 6825.53, 6826.69, 6911.56, 6913.36, 6964.165, 7056.935, 7186.795, 7517.76, 7648.96, 7654.15, 7783.
.9, 13961.495, 14266.015, 14437.7, 14704.615, 14741.915, 14874.775, 15000.015, 15202.07, 15254.3, 15328.765, 15656.66, 15780.345, 16322.76, 16353.69, 16397.925, 16628.645, 16807.455, 16994.93, 17189.03, 17546.635, 17816.64, 18049.135, 18056
087.735, 7119.305, 7177.93, 7185.515, 7224.93, 7676.02, 7677.605, 7780.025, 7811.745, 7894.43, 7896.9, 8014.395, 8088.135, 8091.63, 8477.405, 8495.505, 8661.935, 8710.64, 8798.01, 9039.255, 9231.15, 9696.49, 9958.005, 9959.78, 9986.085, 100
28.76, 15588.075, 15656.66, 16248.59, 16322.76, 16628.645, 16742.52, 17165.7, 17186.485, 17189.025, 17191.96, 17496.1, 17665.3, 17670.68, 17848.21, 17886.285, 18186.535, 18378.23, 18442.675, 18444.17, 18479.635, 18589.91, 18610.645, 18679.0



25, 5238.135, 5276.555, 5287.08, 5290.48, 5336.5, 5401.74, 5410.545, 5428.555, 5457.015, 5463.56, 5475.145, 5490.005, 5497.8, 5511.795, 5554.08, 5582.45, 5602.91, 5610.495, 5623.195, 5653.785, 5655.96, 5659.32, 5674.78, 5675.98, 5698.545, 5


396875, 3431.565, 3443.125, 3444.6, 3453.18, 3459.84, 3475.26, 3492.9, 3496.265, 3497.49, 3503.43, 3512.91, 3522.92, 3535.345, 3540.295, 3542.70225, 3556.115, 3558.13, 3560.135, 3565.975, 3579.525, 3591.405, 3600.7, 3609.785, 3613.375, 3621
.795, 4178.185, 4180.665, 4202.355, 4220.66, 4243.68, 4271.835, 4283.16, 4314.81, 4322.505, 4373.615, 4399.045, 4409.015, 4485.295, 4504.255, 4516.665, 4522.615, 4543.54, 4570.815, 4575.725, 4606.29990625, 4616.59, 4638.49, 4658.465, 4681.0
71, 5679.09, 5683.825, 5694.63, 5719.12, 5729.145, 5737.025, 5749.815, 5808.06, 5817.095, 5850.09, 5863.385, 5866.025, 5880.355, 5885.54, 5891.02, 5904.065, 5906.55, 5964.355, 5978.43, 5979.815, 5982.495, 6007.745, 6012.52, 6015.29, 6072.77
01.1, 5817.09, 5850.11, 5880.35, 5913.36, 5914.675, 5916.76, 5978.435, 6087.885, 6118.165, 6189.38, 6229.685, 6252.355, 6256.21, 6270.63, 6307.83, 6315.75, 6331.965, 6372.02, 6429.595, 6472.855, 6514.085, 6531.595, 6568.78, 6576.8, 6625.885






.775, 5788.36, 5847.345, 5863.92, 5866.875, 5913.425, 5920.72, 5927.91, 5997.125, 5998.28, 6016.685, 6022.07, 6035.22, 6045.195, 6057.27, 6084.185, 6091.815, 6095.115, 6125.135, 6157.875, 6163.615, 6170.64, 6208.625, 6215.53, 6244.88, 6261.





.7, 11442.92, 11483.61, 11489.335, 11510.47, 11517.925, 11576.625, 11664.775, 11785.89, 11866.105, 12053.375, 12071.575, 12082.565, 12177.4, 12273.575, 12531.415, 12613.16, 12756.23, 12812.79, 12849.71, 12901.565, 12951.47, 13075.25, 13098.







70.43, 6187.155, 6189.555, 6195.72, 6214.15, 6215.815, 6238.52, 6264.06, 6271.575, 6329.465, 6331.945, 6383.815, 6391.85, 6393.495, 6414.96, 6420.67, 6431.11, 6466.74, 6493.18, 6496.415, 6508.14, 6542.8, 6551.07, 6576.86, 6595.49, 6617.36,
, 6318.035, 6354.0, 6361.67, 6366.025, 6383.815, 6391.865, 6393.5, 6431.63, 6461.425, 6466.575, 6515.215, 6535.415, 6557.895, 6607.635, 6617.38, 6636.43, 6659.81, 6688.02, 6706.08, 6713.795, 6729.85, 6736.71, 6765.615, 6784.57, 6802.705, 68









.835, 17722.115, 17909.36, 17915.39, 18196.655, 18401.2, 18501.54, 18669.0, 19089.52, 19251.835, 19431.025, 19437.025, 19452.24, 19463.195, 19574.095, 19834.86]












995, 5444.595, 5466.5, 5489.875, 5499.7, 5513.895, 5528.375, 5553.39, 5573.025, 5583.125, 5591.33, 5594.4, 5619.145, 5654.205, 5668.52, 5674.365, 5688.1, 5694.58, 5695.69, 5752.67, 5759.365, 5789.57, 5866.58, 5876.465, 5881.4, 5904.04, 5915


8, 4514.04, 4520.65, 4523.7, 4525.94, 4527.635, 4547.775, 4616.89, 4639.59, 4658.125, 4726.74, 4740.6, 4743.835, 4770.225, 4786.695, 4929.425, 4935.605, 5015.09, 5055.015, 5064.345, 5078.085, 5096.29, 5144.69, 5205.17, 5209.7, 5211.2, 5212.
965, 8710.64, 9123.05, 9966.625, 10194.31, 10605.43, 11442.745, 11636.6, 11687.29, 11784.39, 11848.185, 12088.75, 12266.785, 12964.855, 13220.65, 13993.749125, 14301.63, 14584.635, 14754.76, 14871.3, 14947.67, 15000.0, 15603.59, 15764.745,
.67, 18081.45, 18184.465, 18378.225, 18409.715, 18415.115, 18419.985, 18442.67, 18444.185, 18484.9, 18493.78, 18618.03, 18831.66, 18872.32, 18935.115, 19052.51, 19168.625, 19388.37, 19392.705, 19417.11, 19465.02, 19523.375, 19524.81, 19531.
16.07, 10018.635, 10023.415, 10793.33, 11283.34, 11442.745, 11576.155, 11775.26, 11848.19, 11860.07, 12266.79, 13266.035, 13403.255, 13543.795, 13622.345, 13653.46, 13767.33, 13910.705, 13916.29, 13949.45, 13975.015, 14266.015, 14320.475, 1
65, 18788.075, 18801.02, 18831.67, 18853.995, 18882.55, 19122.19, 19388.37, 19404.905, 19444.025, 19469.355, 19481.965, 19485.41, 19530.81, 19597.96, 19675.515, 19687.06, 19728.04, 19755.0, 19780.355, 19810.83, 19937.24, 19960.58, 19978.235



707.27, 5719.13, 5749.86, 5752.885, 5762.585, 5782.875, 5801.12, 5804.295, 5808.19, 5828.17, 5829.885, 5849.33, 5863.82, 5904.09, 5928.395, 5948.845, 5953.465, 5955.52, 5982.41709375, 5986.33, 5988.835, 6000.44, 6003.675, 6019.35, 6025.45,


.82, 3646.84, 3649.115, 3651.36, 3653.835, 3689.07, 3699.97, 3711.865, 3730.365, 3732.525, 3751.85, 3756.45225, 3775.31, 3777.65, 3780.885, 3788.07, 3793.415, 3801.44, 3812.385, 3827.19, 3837.855, 3859.645, 3864.01, 3906.94, 3909.45, 3948.1
1, 4682.295, 4685.03, 4708.585, 4727.105, 4756.265, 4758.06, 4886.04, 4907.89, 4923.39, 4941.475, 4950.695, 4962.665, 4966.17, 4971.59, 5007.43, 5011.4, 5021.255, 5033.145, 5043.935, 5046.215, 5055.14, 5100.67, 5105.21, 5107.4, 5156.0, 5162
5, 6087.89, 6098.08, 6118.17, 6125.455, 6133.46, 6153.465, 6155.015, 6159.03, 6190.385, 6231.23, 6238.485, 6249.645, 6261.565, 6263.56, 6290.96, 6312.73, 6329.475, 6358.61, 6372.02, 6384.1, 6410.25, 6415.065, 6472.31, 6492.93, 6510.345, 652
, 6630.2, 6636.45, 6652.21, 6689.0, 6723.965, 6745.01, 6779.69, 6791.55, 6801.99, 6830.33, 6859.365, 6915.24, 6994.27, 7046.365, 7050.315, 7071.075, 7088.855, 7097.775, 7160.1, 7163.08, 7226.195, 7381.655, 7446.585, 7466.905, 7520.53, 7544.






85, 6265.55, 6294.935, 6318.095, 6337.785, 6373.52, 6395.455, 6427.545, 6437.05, 6502.95, 6513.705, 6525.325, 6541.915, 6562.345, 6642.92, 6646.91, 6676.495, 6688.155, 6715.115, 6747.39, 6756.21, 6760.13, 6768.555, 6782.31, 6802.905, 6814.0





84, 13118.4, 13187.24, 13305.055, 13349.38, 13384.725, 13531.3, 13587.795, 13621.305, 13622.365, 13697.105, 13910.87, 13942.19, 13943.485, 13985.865, 13992.1, 14001.475, 14009.365, 14059.725, 14322.495, 14462.735, 14509.445, 14638.72, 14668







6621.81, 6666.45, 6684.44, 6687.885, 6700.84, 6733.455, 6749.715, 6753.15, 6767.215, 6780.635, 6791.09, 6816.42, 6829.795, 6913.365, 6918.16, 6948.69, 6988.3, 6999.985, 7022.375, 7046.37, 7089.015, 7099.875, 7161.61, 7183.91, 7207.54, 7436.
13.16, 6819.495, 6848.63, 6860.255, 6900.805, 6907.13, 6935.155, 6937.735, 6999.97, 7001.275, 7002.99, 7013.255, 7031.71, 7059.77, 7106.61, 7110.905, 7116.235, 7119.38, 7122.435, 7130.43, 7148.95, 7163.28, 7168.865, 7206.84, 7208.545, 7229.






















.23, 5916.745, 5925.2, 5953.355, 5955.25, 5974.435, 5988.505, 6025.505, 6045.985, 6068.745, 6088.005, 6094.95, 6129.285, 6155.755, 6185.305, 6187.69, 6189.275, 6214.725, 6222.71, 6231.235, 6263.84, 6265.33, 6280.89, 6312.735, 6322.665, 6331


27, 5214.625, 5234.735, 5256.97, 5264.625, 5286.95615625, 5291.7, 5382.08, 5408.765, 5427.905, 5441.63, 5449.435, 5453.735, 5456.705, 5511.66, 5528.395, 5529.635, 5558.245, 5603.655, 5609.5, 5610.695, 5619.135, 5626.63, 5636.385, 5651.56, 5
16127.805, 16189.775, 16541.465, 16544.44, 16979.845, 16982.92, 17172.73, 17187.18, 17246.355, 17352.76, 17432.46, 17546.62, 17605.915, 17816.62, 17848.17, 18081.435, 18207.665, 18388.24, 18414.495, 18416.595, 18438.455, 18462.88, 18475.58,
915, 19594.085, 19675.51, 19687.045, 19738.365, 19740.425, 19767.895, 19794.255, 19923.42, 19960.58, 19965.11, 19978.24, 20030.18, 20035.84, 20041.705, 20044.375, 20104.215, 20153.075, 20156.96, 20163.495]
4353.12, 14437.68, 15000.015, 15254.29, 15427.95, 15500.225, 15523.075, 15588.075, 15656.655, 15780.33, 16124.655, 16213.79, 16322.755, 16353.7, 16399.585, 16418.54, 16628.645, 16807.46, 16885.565, 16948.415, 16980.01, 17184.17, 17185.965,
, 20019.375, 20027.16, 20029.525, 20036.83, 20077.22, 20083.02]



6032.2, 6084.675, 6085.705, 6096.17, 6098.055, 6124.975, 6137.835, 6146.87, 6149.945, 6189.365, 6195.675, 6208.88, 6223.225, 6238.655, 6242.8, 6265.365, 6270.67, 6277.53, 6286.265, 6294.93, 6308.045, 6312.72, 6318.185, 6329.88, 6338.73, 634


75, 3950.11, 3957.385, 3958.86, 3985.715, 4015.305, 4035.06, 4087.025, 4146.41, 4165.07, 4178.92, 4180.76, 4189.27, 4192.25, 4198.075, 4210.465, 4215.88, 4217.37, 4222.905, 4230.375, 4232.12, 4261.17, 4276.275, 4279.575, 4290.4, 4314.815, 4
.855, 5175.155, 5176.47, 5185.475, 5208.36, 5226.635, 5261.085, 5278.68, 5296.77, 5301.74, 5307.655, 5314.14, 5361.795, 5375.065, 5382.155, 5405.28, 5418.11240625, 5437.91, 5453.8, 5475.1, 5494.51, 5500.565, 5501.85, 5505.07334375, 5509.25,
9.785, 6568.785, 6576.8, 6611.77, 6616.795, 6624.79, 6636.435, 6673.04, 6674.12, 6688.995, 6700.805, 6713.655, 6731.62, 6778.28, 6779.67, 6799.175, 6801.99, 6830.335, 6839.88, 6848.925, 6851.28, 6859.365, 6864.31, 6890.63, 6954.32, 6988.22,
42, 7648.955, 7676.02, 7684.45, 7747.435, 7783.545, 7817.745, 7896.89, 8091.6, 9957.845, 10073.305, 10494.17, 11157.265, 11443.22, 11810.545, 12400.57, 13767.76, 13806.81, 13916.615, 14152.13, 14439.57, 14705.04, 15593.07, 16012.815, 16271.






4, 6848.63, 6851.87, 6885.72, 6892.555, 6910.885, 6926.01, 6956.095, 6966.94, 6993.785, 7005.245, 7021.385, 7060.775, 7072.4, 7098.96, 7121.125, 7165.23, 7184.5, 7193.0, 7208.045, 7217.075, 7269.2, 7611.865, 7695.02, 7697.925, 7706.735, 775





.645, 14725.04, 14750.135, 14754.105, 14860.175, 14993.57, 15028.39, 15096.595, 15139.735, 15366.565, 15385.72, 15451.54, 15555.045, 15584.995, 15726.745, 15733.39, 15796.765, 15841.235, 15843.245, 15899.93, 15902.075, 15979.825, 16013.995,







775, 7655.06, 7657.765, 7690.875, 7811.69, 13543.89, 19490.165]
24, 7255.13, 7515.255, 7525.05, 7568.5, 7656.99, 7738.17, 7783.975, 7785.77, 7815.52, 7837.245, 7910.12, 7917.005, 8028.51, 8082.06, 8133.835, 8266.805, 8391.26, 9271.845, 9544.425, 9622.705, 9712.28, 9777.335, 9914.785, 10009.825, 10027.05






















.925, 6338.06, 6348.315, 6373.36, 6383.99, 6399.545, 6410.845, 6415.17, 6429.535, 6448.04, 6466.735, 6468.97, 6472.87, 6480.2, 6488.55, 6506.76, 6522.23, 6523.87, 6541.885, 6564.5, 6568.76, 6590.415, 6594.34, 6622.37, 6625.725, 6643.38, 671


655.505, 5674.675, 5676.015, 5679.145, 5683.945, 5686.69, 5695.965, 5698.32, 5718.595, 5722.36, 5726.375, 5731.415, 5735.7, 5738.97, 5746.37, 5763.485, 5765.425, 5801.5, 5804.625, 5819.88, 5829.84, 5835.165, 5863.85, 5881.375, 5885.625, 588
 18589.925, 18679.1, 18941.44, 19145.695, 19327.82, 19403.57, 19443.995, 19465.015, 19655.72, 19660.22, 19732.45, 19748.25, 19773.71, 19940.66, 19962.305, 20002.62, 20018.6, 20033.635, 20104.2, 20150.105]

17333.47, 17546.63, 17599.3, 17671.9, 17816.645, 17848.18, 18056.675, 18184.48, 18378.71, 18394.83, 18415.115, 18442.65, 18444.165, 18481.145, 18491.5, 18493.795, 18618.04, 18831.66, 18870.985, 18872.315, 18874.22, 18935.105, 18978.555, 190




8.5, 6351.215, 6352.665, 6361.68, 6372.0, 6376.055, 6395.05, 6426.7, 6445.205, 6466.795, 6468.93, 6472.22, 6488.585, 6490.53, 6492.94, 6496.385, 6508.945, 6510.35, 6513.93, 6523.915, 6532.195, 6568.775, 6574.305, 6576.825, 6595.41, 6603.57,


318.375, 4325.26, 4332.74, 4353.3, 4355.195, 4385.675, 4388.66, 4407.5, 4409.78, 4432.59, 4445.26, 4446.305, 4451.96, 4478.44, 4485.34, 4504.115, 4516.66, 4518.365, 4520.58, 4533.07, 4548.41709375, 4616.825, 4668.53, 4684.655, 4723.47959375
 5510.63, 5540.805, 5568.195, 5570.77, 5583.15, 5604.915, 5626.075, 5634.27, 5637.005, 5659.46, 5704.225, 5714.36, 5718.985, 5725.37, 5728.05, 5741.125, 5744.26, 5746.19, 5758.13, 5824.16, 5835.915, 5838.97, 5849.315, 5863.835, 5876.405, 58
 6994.295, 7022.28, 7045.28, 7060.72, 7088.855, 7109.35, 7110.92, 7119.405, 7157.03, 7163.07, 7201.27, 7514.785, 7521.18, 7587.295, 7629.71, 7656.9, 7684.455, 7758.68, 7783.99, 7811.715, 8089.065, 8092.365, 8140.895, 9750.79, 11451.62, 1151
695, 16405.335, 16418.545, 16664.545, 16669.605, 16743.535, 16794.655, 16979.81, 16994.94, 17122.21, 17496.2, 18049.51, 18322.165, 18412.19, 18420.275, 18445.24, 18475.96, 18493.8, 18860.605, 18873.705, 19315.54, 19404.91, 19417.12, 19476.7






8.855, 7906.475, 7923.02, 8130.74, 17594.46, 20036.555, 20139.67, 20161.125]





 16136.685, 16157.19, 16175.385, 16179.45, 16185.205, 16583.87, 16979.775, 18184.495, 19219.36, 19965.135, 20060.115]








5, 10044.695, 10219.36, 10223.61, 10367.945, 10793.26, 10797.81, 11204.83, 11264.72, 11374.32, 11386.49, 11401.555, 11472.78, 11599.615, 11805.14, 11877.77, 11937.26, 11971.195, 12196.665, 12269.65, 12505.905, 12525.54, 12867.055, 12953.955






















3.605, 6720.685, 6723.595, 6741.46, 6753.225, 6767.09, 6783.065, 6791.55, 6799.19, 6805.075, 6812.645, 6819.815, 6822.745, 6834.83, 6855.485, 6870.96, 6878.04, 6897.315, 6906.32, 6911.555, 6916.285, 6929.395, 6948.27, 6954.905, 6985.09, 700


8.985, 5890.94, 5903.935, 5911.58, 5916.71, 5918.74, 5928.3, 5951.955, 5953.125, 5955.27, 5959.805, 5961.97, 5964.26, 5975.465, 5978.515, 5993.93, 6008.075, 6027.205, 6065.77, 6082.54, 6098.295, 6122.625, 6133.79, 6140.79, 6144.57, 6151.71,


52.515, 19168.625, 19315.13, 19336.895, 19369.035, 19417.115, 19444.38, 19471.58, 19485.95, 19523.385, 19531.915, 19594.09, 19670.395, 19671.85, 19723.605, 19738.375, 19743.245, 19769.305, 19794.265, 19923.43, 19937.185, 19938.9, 19942.565,




 6629.575, 6636.585, 6652.23, 6666.92, 6671.925, 6700.94, 6710.315, 6749.29, 6767.26, 6778.275, 6783.5, 6787.075, 6791.235, 6810.38, 6822.795, 6826.74, 6859.365, 6871.0, 6876.44, 6964.16, 6994.33, 6997.405, 7009.65, 7045.29, 7050.125, 7087.


, 4727.335, 4731.99, 4755.89, 4767.105, 4794.02, 4861.79, 4888.355, 4923.515, 4950.555, 4957.83, 4959.945, 4966.11, 4988.275, 5003.595, 5009.655, 5032.68, 5060.56, 5068.505, 5092.89, 5098.045, 5106.055, 5107.37, 5112.395, 5142.29, 5151.135,
96.2, 5904.06, 5973.69, 6040.145, 6072.515, 6083.075, 6087.89, 6090.155, 6133.32, 6136.91, 6153.465, 6174.075, 6187.47, 6205.705, 6209.39, 6212.07, 6220.555, 6231.25, 6240.865, 6256.19, 6280.315, 6289.38, 6307.78, 6316.91, 6335.625, 6348.62
2.915, 11983.205, 12018.41, 12033.795, 12202.75, 12425.515, 12921.285, 13240.915, 13254.23, 13267.065, 13697.745, 13767.705, 13776.275, 13916.295, 13949.45, 13977.305, 14134.575, 14151.885, 14353.67, 14403.62, 14704.99, 15285.275, 15324.68,
7, 19480.505, 19520.99, 19536.945, 19598.365, 19697.445, 19700.225, 19728.05, 19730.18, 19740.445, 19750.91, 19961.295, 20026.715, 20030.205, 20035.87, 20078.24, 20100.57, 20119.365, 20147.58, 20153.055, 20163.505, 20168.215]





















, 13074.86, 13254.825, 13300.66, 13533.945, 13536.06, 13605.185, 13718.045, 13759.355, 13794.525, 13841.64, 14065.17, 14117.7, 14132.29, 14152.185, 14190.515, 14195.38, 14266.735, 14275.2, 14315.69, 14534.305, 14601.01, 14875.49, 14962.35,






















0.24, 7018.68, 7046.4, 7050.255, 7064.085, 7075.735, 7091.94, 7096.56, 7119.25, 7133.38, 7140.895, 7164.97, 7177.235, 7205.47, 7210.825, 7225.54, 7521.19, 7585.9, 7629.705, 7641.37, 7704.035, 7769.55, 7773.21, 7779.745, 7783.98, 7809.89, 79


 6189.27, 6190.795, 6193.2, 6195.615, 6199.4, 6242.005, 6243.745, 6249.545, 6280.88, 6311.085, 6318.125, 6331.97, 6346.935, 6348.295, 6355.45, 6358.585, 6364.47, 6373.51, 6378.18, 6380.86, 6387.425, 6388.435, 6410.28, 6420.72, 6426.59, 6440


 19960.58, 19962.31, 19986.88, 20026.11, 20030.195, 20044.39, 20100.55, 20104.22, 20147.575, 20150.125, 20166.515]




65, 7088.835, 7091.54, 7099.97, 7119.47, 7120.64, 7122.45, 7141.355, 7160.26, 7196.28, 7199.82, 7201.24, 7207.625, 7483.19, 7521.905, 7544.495, 7650.8, 7659.38, 7785.685, 7811.765, 8034.47, 8088.51, 8092.405, 8495.565, 9278.155, 9587.88, 99


 5155.785, 5168.635, 5170.62, 5182.455, 5214.655, 5250.665, 5256.025, 5305.165, 5330.325, 5355.32, 5361.72, 5393.125, 5399.33, 5408.085, 5413.95, 5453.75, 5460.65, 5463.555, 5497.805, 5518.29, 5525.74, 5543.925, 5547.51, 5596.54, 5602.93, 5
, 6370.78, 6395.015, 6426.485, 6429.515, 6469.37, 6528.195, 6542.87, 6562.545, 6574.595, 6577.635, 6591.265, 6646.68, 6671.87, 6674.585, 6705.745, 6719.72, 6756.8, 6771.31, 6838.87, 6841.385, 6844.37, 6848.93, 6859.89, 6864.835, 6983.55, 69
 15427.955, 15803.14, 16157.195, 16213.815, 16284.515, 16541.515, 16664.51, 17089.145, 17122.205, 17189.04, 17354.38, 17574.67, 17953.565, 18035.255, 18409.72, 18421.255, 18445.255, 18484.915, 18490.18, 18663.085, 18788.915, 18852.385, 1886






















14989.375, 14993.675, 15000.06, 15021.17, 15187.945, 15241.265, 15391.64, 15407.785, 15467.29, 15653.91, 15656.68, 15822.475, 15912.555, 16056.545, 16092.445, 16095.955, 16132.995, 16146.76, 16187.74, 16354.225, 16390.89, 16399.605, 16428.9






















03.745, 8088.14, 8091.405, 8129.55, 8133.875, 8135.125, 8495.49, 8887.455, 9530.43, 9938.725, 10060.21, 11283.355, 11576.165, 11803.27, 12376.425, 12400.185, 14045.005, 14353.125, 14437.69, 15000.025, 15441.67, 15929.995, 15956.805, 16095.4


.33, 6447.975, 6466.795, 6492.84, 6516.78, 6522.22, 6559.03, 6574.465, 6576.83, 6590.545, 6594.25, 6609.82, 6617.49, 6630.21, 6646.535, 6648.405, 6652.415, 6673.02, 6684.575, 6702.425, 6704.6, 6708.405, 6723.605, 6741.425, 6745.435, 6748.98







15.39, 9957.875, 10027.38, 10219.54, 10609.895, 11025.23, 11511.57, 11555.385, 11731.395, 11775.34, 12018.175, 12033.795, 12057.82, 12163.385, 12267.12, 12376.65, 12400.24, 12425.48, 13254.235, 13403.33, 13736.805, 13767.84, 13910.78, 13975


610.495, 5617.945, 5631.68, 5634.305, 5636.37, 5646.14, 5659.325, 5676.035, 5707.27, 5735.665, 5763.485, 5776.485, 5791.04, 5801.105, 5804.13, 5808.05, 5824.215, 5829.88, 5845.915, 5850.415, 5863.97, 5873.29, 5888.895, 5914.73, 5918.325, 59
97.83, 7019.14, 7064.09, 7103.325, 7125.125, 7130.605, 7133.845, 7144.47, 7146.085, 7173.265, 7199.095, 7208.09, 7222.75, 7226.12, 7229.935, 7266.425, 7269.05, 7277.395, 7286.4, 7290.16, 7393.295, 7446.59, 7460.535, 7463.86, 7466.89, 7470.6
3.09, 18873.85, 18935.105, 18978.585, 19315.565, 19388.39, 19445.48, 19505.275, 19524.815, 19539.395, 19633.83, 19654.395, 19675.51, 19738.375, 19743.265, 19750.9, 19767.915, 19770.135, 19778.53, 19858.955, 19905.17, 19951.655, 20022.85, 20






















1, 16513.105, 16558.005, 16593.655, 16740.93, 16877.625, 16942.1, 17002.88, 17067.63, 17188.175, 17269.51, 17282.285, 17302.985, 17318.95, 17389.625, 17590.99, 17653.585, 17779.195, 17922.23, 17941.25, 17949.255, 18022.555, 18035.155, 18101






















7, 16124.605, 16127.79, 16636.255, 16664.165, 16741.975, 16807.47, 16979.975, 16994.72, 17186.355, 17353.965, 17749.36, 17978.635, 18325.855, 18352.705, 18423.64, 18475.875, 18484.895, 18489.925, 18493.78, 18610.265, 18628.745, 18788.895, 1


5, 6753.71, 6755.675, 6801.925, 6806.445, 6819.945, 6826.685, 6830.375, 6834.805, 6848.485, 6859.375, 6864.53, 6878.015, 6888.065, 6890.5, 6892.52, 6897.45, 6899.03, 6913.37, 6935.155, 6936.88, 6941.93, 6948.665, 6964.045, 6966.295, 6984.79







.035, 14079.85, 14129.62, 14266.195, 14372.225, 14673.32, 14704.655, 15000.085, 15202.11, 15280.19, 15523.14, 15688.105, 15762.605, 15780.4, 15798.57, 15803.14, 16069.935, 16157.39, 16364.165, 16398.71, 16407.33, 16418.575, 16475.015, 16631


22.05, 5934.625, 5977.425, 5980.035, 5982.45, 6001.1, 6008.165, 6015.255, 6019.265, 6033.725, 6055.76, 6095.24, 6097.915, 6112.68, 6122.955, 6133.455, 6159.09, 6163.71, 6170.39, 6173.985, 6189.365, 6199.565, 6212.07, 6223.16, 6231.465, 6249
45, 7507.315, 7520.53, 7535.265, 7549.735, 7557.59, 7585.86, 7610.44, 7622.315, 7635.42, 7659.855, 7678.25, 7684.77, 7693.565, 7698.155, 7700.355, 7725.88, 7737.56, 7747.435, 7773.02, 7810.33, 7811.63, 7813.75, 7832.95, 7844.04, 7859.175, 7
045.035, 20078.24, 20089.255, 20163.505, 20166.54]






















.175, 18183.655, 18193.885, 18252.5, 18345.51, 18377.185, 18389.695, 18520.695, 18608.81, 18678.105, 18872.745, 18883.43, 18890.27, 19068.1, 19083.595, 19153.26, 19166.66, 19174.08, 19238.97, 19269.465, 19335.93, 19454.635, 19507.425, 19593






















8852.64, 18999.615, 19052.52, 19215.49, 19315.135, 19330.665, 19392.72, 19467.515, 19470.375, 19507.345, 19520.8, 19542.42, 19577.065, 19670.38, 19671.88, 19728.0, 19729.33, 19733.915, 19738.39, 19773.71, 19904.835, 19923.24, 20026.11, 2003


5, 7016.84, 7022.28, 7027.995, 7031.45, 7046.42, 7050.3, 7087.6, 7104.015, 7115.33, 7119.31, 7122.65, 7133.38, 7145.675, 7157.31, 7199.795, 7230.05, 7411.235, 7481.2, 7501.925, 7514.87, 7524.94, 7586.045, 7648.98, 7650.88, 7654.14, 7659.41,







.24, 16642.085, 16669.63, 16807.52, 16885.645, 16970.845, 17186.46, 17189.035, 17205.11, 17269.55, 17308.99, 17350.33, 17354.445, 17574.66, 17713.92, 17795.255, 17848.255, 17942.4, 18030.035, 18035.225, 18049.525, 18103.105, 18184.525, 1832


.44, 6252.28, 6256.22, 6265.34, 6271.825, 6290.965, 6307.825, 6315.73, 6348.495, 6351.01084375, 6352.495, 6358.615, 6372.0, 6406.99, 6408.635, 6410.3, 6437.515, 6448.055, 6455.945, 6459.04, 6466.8, 6468.9, 6470.645, 6472.23, 6484.495, 6510.
883.82, 7892.175, 7894.44, 7906.54, 8024.385, 8029.96, 8091.615, 8131.765, 8135.24, 8136.665, 8422.29, 8477.44, 8486.79, 8496.01, 8710.68, 9039.62, 9231.195, 9278.16, 9315.09, 9374.335, 9473.34, 9543.53, 9696.905, 9960.22, 10035.22, 10055.1























.78, 19673.125, 19758.77, 19786.02, 19932.895, 19942.535, 19958.29, 19981.455, 19986.91, 19994.215, 20020.7, 20139.08, 20150.18]






















5.88, 20036.9, 20041.865, 20137.22, 20150.13, 20153.075, 20156.96, 20168.21, 20170.885]


 7660.63, 7693.6, 7773.175, 7785.74, 7813.99, 7981.04, 8195.295, 8490.335, 8591.38, 8596.95, 8604.39, 8736.0538125, 8765.985, 9088.51, 9269.76, 9375.145, 9570.44, 9597.075, 9672.74, 9712.3, 9744.105, 9745.825, 9832.555, 9941.67, 9960.575, 9







3.065, 18421.065, 18431.165, 18442.73, 18490.2, 18496.395, 18553.775, 18604.265, 18663.06, 18830.075, 18832.16, 18873.69, 18883.405, 19123.49, 19168.67, 19386.55, 19388.385, 19393.815, 19404.1, 19426.75, 19448.01, 19481.085, 19485.46, 19518


37, 6513.915, 6532.125, 6568.785, 6570.87, 6574.595, 6606.935, 6622.545, 6636.45, 6638.73, 6643.545, 6666.97, 6670.65, 6688.965, 6700.765, 6708.545, 6731.615, 6741.79, 6745.605, 6753.22, 6783.39, 6784.87, 6786.37, 6791.555, 6802.235, 6810.2
35, 10059.295, 10227.695, 10494.105, 10550.825, 10919.705, 11176.55, 11346.825, 11443.225, 11469.315, 11574.335, 11623.595, 11784.95, 11823.085, 11860.105, 12015.04, 12018.48, 12088.67, 12205.33, 12206.99, 12237.7, 12571.455, 12579.68, 1281

















































976.525, 10023.39, 10379.685, 10497.365, 10822.63, 10844.005, 11046.72, 11200.0225625, 11446.33, 11474.515, 11510.23, 11576.145, 11710.77, 11764.16, 11784.39, 11927.945, 11935.16, 11977.155, 11994.19, 12122.73, 12206.675, 12210.92, 12312.71







.525, 19534.495, 19542.755, 19554.44, 19597.965, 19631.78, 19659.96, 19675.515, 19697.48, 19723.97, 19738.415, 19743.27, 19750.955, 19760.765, 19794.315, 19858.94, 19915.76, 19917.415, 19923.495, 19932.96, 19938.955, 19975.605, 19986.94, 20


7, 6822.78, 6826.735, 6848.55, 6927.425, 6948.685, 6950.74, 6961.855, 6964.135, 6978.765, 6982.8, 6985.17, 6988.16, 6997.83, 7000.475, 7006.325, 7009.31, 7013.31, 7022.265, 7031.915, 7050.1, 7053.56, 7063.95, 7087.58, 7088.875, 7097.8, 7099
3.49, 12912.035, 12921.555, 12944.11, 12949.515, 13190.525, 13266.565, 13269.37, 13274.305, 13553.165, 13571.275, 13622.38, 13961.505, 13989.585, 14151.82, 14266.525, 14474.59, 15125.785, 15435.855, 15441.945, 15505.695, 15603.665, 15677.39

















































, 12318.565, 12564.225, 12567.925, 12572.335, 12674.28, 12792.135, 12921.26, 12943.17, 12993.575, 13106.255, 13167.06, 13336.47, 13351.62, 13359.33, 13493.55, 13525.97, 13697.61, 13794.555, 13821.88, 13910.215, 13986.285, 14120.155, 14159.5







002.78, 20018.765, 20077.22, 20083.065, 20137.28, 20142.935, 20147.615, 20170.95]


.975, 7118.56, 7120.63, 7122.42, 7164.52, 7166.6, 7171.125, 7201.19, 7219.155, 7224.265, 7226.145, 7277.54, 7447.835, 7535.265, 7544.42, 7550.13, 7587.315, 7625.75, 7641.395, 7648.97, 7650.79, 7676.04, 7691.27, 7698.675, 7731.59, 7747.435,
, 15688.14, 15913.81, 15985.815, 16038.955, 16051.04, 16092.735, 16124.415, 16166.41, 16214.71, 16271.335, 16389.6, 16417.445, 16519.825, 16578.01, 16664.57, 16742.195, 16807.805, 16942.08, 16981.27, 17038.305, 17205.43, 17208.57, 17269.94,

















































65, 14372.165, 14439.56, 14444.91, 14584.63, 14678.405, 14875.8, 15063.32, 15125.485, 15152.295, 15996.35, 16126.265, 16166.395, 16403.97, 16620.215, 16832.695, 16978.315, 16993.065, 17166.23, 17352.755, 17356.075, 17369.04, 17432.475, 1746










7758.7, 7759.925, 7773.015, 7779.86, 7792.035, 7811.64, 7813.595, 7833.44, 7894.92, 7906.535, 8014.43, 8018.465, 8034.46, 8037.055, 8129.3, 8131.76, 8478.05, 8496.005, 8658.175, 8711.035, 8780.555, 8798.045, 9278.185, 9289.45, 9291.455, 931
 17278.985, 17599.26, 17670.27, 17713.88, 17813.11, 17880.36, 17954.02, 17956.005, 18077.055, 18103.52, 18409.705, 18415.645, 18444.98, 18475.47, 18478.035, 18481.16, 18485.295, 18494.485, 18496.27, 18553.91, 18610.08, 18721.65, 18769.395,

















































7.46, 17540.64, 17597.995, 17667.735, 17692.12, 17733.525, 17761.715, 17868.3, 18012.645, 18128.385, 18141.45, 18179.355, 18206.955, 18265.57, 18321.845, 18345.525, 18352.575, 18372.515, 18386.495, 18493.775, 18589.935, 18619.715, 18750.025










5.09, 9373.995, 9441.8, 9473.34, 9587.835, 9696.835, 9743.005, 9750.785, 9752.32, 9756.79, 9881.71, 9904.085, 9957.86, 9960.59, 9961.745, 9973.42, 9975.66, 10017.115, 10048.42, 10049.84, 10087.045, 10227.695, 10324.63, 10494.03, 10507.25, 1
18830.055, 18850.775, 18852.135, 18860.96, 18873.705, 19104.33, 19120.815, 19122.23, 19386.86, 19388.385, 19393.21, 19403.73, 19417.4, 19465.92, 19497.615, 19514.695, 19518.915, 19521.0, 19523.405, 19530.255, 19535.89, 19537.345, 19554.845,

















































, 18752.0, 18798.06, 18965.805, 19052.485, 19190.25, 19194.445, 19215.475, 19327.835, 19331.955, 19377.67, 19380.365, 19420.575, 19423.785, 19428.13, 19541.87, 19629.98, 19732.455, 19756.285, 19843.65, 19858.89, 19904.875, 19910.625, 19940.










0550.78, 10913.48, 10960.815, 11024.495, 11054.225, 11118.115, 11163.42, 11170.925, 11176.79, 11183.42, 11289.565, 11346.83, 11469.32, 11555.025, 11784.44, 11791.715, 11802.575, 11807.94, 11827.86, 11848.255, 11860.41, 11870.51, 11920.71, 1
 19632.79, 19671.89, 19697.585, 19750.315, 19767.75, 19771.19, 19810.84, 19859.55, 19923.44, 19972.545, 19996.94, 20002.69, 20033.93, 20041.715, 20047.095, 20078.25, 20083.44, 20153.73, 20155.645, 20171.31]

















































67, 19949.605, 19956.275, 19962.045, 19979.75, 19986.9, 20030.225, 20083.075, 20156.97, 20170.885]










1923.18, 11983.145, 12014.97, 12018.48, 12034.085, 12057.43, 12067.075, 12088.625, 12202.725, 12205.405, 12206.99, 12571.195, 12579.24, 12613.685, 12674.295, 12732.705, 12823.075, 12912.035, 12933.99, 12948.455, 13271.615, 13274.305, 13300.





























































675, 13403.3, 13571.19, 13593.965, 13655.45, 13697.665, 13740.955, 13767.375, 13770.17, 13775.845, 13780.78, 13806.455, 13893.17, 13974.175, 13978.44, 13989.945, 14017.245, 14129.6, 14152.065, 14198.465, 14260.65, 14266.355, 14351.31, 14372





























































.18, 14395.71, 14474.59, 14504.685, 14623.845, 14673.64, 14867.28, 15000.045, 15030.21, 15219.665, 15265.045, 15324.535, 15356.875, 15415.08, 15436.92, 15505.70615625, 15579.46, 15592.38, 15605.335, 15656.695, 15672.18, 15762.555, 15912.66,





























































 15965.87, 15980.43, 16038.955, 16051.04, 16056.55, 16060.835, 16072.85, 16138.57, 16157.19, 16271.335, 16273.71, 16284.665, 16323.98, 16353.74, 16364.22, 16418.58, 16541.51, 16578.885, 16636.275, 16642.16, 16669.645, 16675.53, 16687.32, 16





























































742.845, 16793.26, 16808.19, 16909.16, 16942.04, 16946.39, 16971.06, 16991.665, 16993.995, 17038.33, 17043.93, 17084.12, 17097.72, 17121.845, 17161.245, 17179.53, 17269.515, 17274.01, 17282.315, 17304.41, 17309.265, 17330.44, 17350.655, 173





























































54.36, 17356.455, 17468.015, 17539.42, 17584.785, 17602.535, 17606.155, 17670.51, 17693.37, 17713.885, 17718.83, 17730.73, 17760.03, 17769.59, 17813.03, 17816.67, 17909.52, 17942.37, 17981.82, 18038.79, 18056.69, 18091.245, 18096.34, 18104.





























































82, 18141.44, 18178.77, 18184.655, 18226.365, 18290.45, 18322.175, 18352.82, 18378.745, 18400.55, 18415.145, 18419.635, 18421.255, 18423.185, 18431.165, 18543.075, 18589.73, 18628.805, 18678.87, 18702.825, 18769.4, 18814.67, 18825.785, 1883





























































0.055, 18831.665, 18846.21, 18850.72, 18866.24, 18873.88, 18875.84, 18880.075, 18882.53, 18888.39, 18934.905, 18978.62, 19034.105, 19174.095, 19217.77, 19355.41, 19387.915, 19391.57, 19398.745, 19403.245, 19448.035, 19484.06, 19500.06, 1950





























































4.775, 19507.54, 19520.995, 19527.87, 19530.305, 19532.305, 19539.47, 19545.91, 19550.155, 19554.99, 19556.365, 19559.925, 19577.15, 19589.185, 19592.52, 19630.03, 19650.435, 19660.28, 19687.06, 19697.485, 19723.625, 19728.035, 19729.485, 1





























































9760.55, 19766.57, 19843.68, 19891.92, 19932.9, 19999.375, 20002.775, 20018.73, 20020.75, 20022.07, 20026.74, 20033.625, 20060.105, 20061.6, 20083.015, 20115.12, 20117.345, 20137.265, 20142.66, 20150.155, 20153.115, 20155.44, 20159.23, 2016





























































7.505, 20170.905]














































